10 0.1 0.914286 0.955556
20 0.1 0.733333 0.511111
30 0.1 0.828571 0.844444
40 0.1 0.742857 0.688889
50 0.1 0.876190 0.911111
60 0.1 0.933333 0.977778
70 0.1 0.952381 0.911111
80 0.1 0.961905 0.911111
90 0.1 0.942857 0.933333
100 0.1 0.961905 0.888889
110 0.1 0.933333 0.955556
120 0.1 0.971429 0.911111
130 0.1 0.942857 0.955556
140 0.1 0.942857 0.955556
150 0.1 0.961905 0.933333
10 0.2 0.980952 0.933333
20 0.2 0.952381 0.955556
30 0.2 0.980952 0.888889
40 0.2 0.933333 0.911111
50 0.2 0.942857 0.977778
60 0.2 0.980952 0.911111
70 0.2 0.980952 0.933333
80 0.2 0.980952 0.933333
90 0.2 0.971429 0.955556
100 0.2 0.952381 1.000000
110 0.2 0.971429 0.955556
120 0.2 0.961905 0.977778
130 0.2 0.961905 0.977778
140 0.2 0.971429 0.955556
150 0.2 0.971429 0.955556
10 0.3 0.876190 0.911111
20 0.3 0.961905 0.977778
30 0.3 0.961905 0.977778
40 0.3 0.961905 0.977778
50 0.3 0.961905 0.977778
60 0.3 0.971429 0.888889
70 0.3 0.980952 0.933333
80 0.3 0.942857 0.977778
90 0.3 0.980952 0.955556
100 0.3 0.961905 0.933333
110 0.3 0.952381 0.955556
120 0.3 0.971429 0.955556
130 0.3 0.961905 0.977778
140 0.3 0.800000 0.822222
150 0.3 0.990476 0.977778
10 0.4 0.923810 0.933333
20 0.4 0.971429 0.955556
30 0.4 0.971429 0.955556
40 0.4 0.971429 0.955556
50 0.4 0.923810 0.955556
60 0.4 0.904762 0.911111
70 0.4 0.971429 0.977778
80 0.4 0.980952 0.955556
90 0.4 0.952381 0.977778
100 0.4 0.952381 0.911111
110 0.4 0.980952 0.977778
120 0.4 0.971429 0.955556
130 0.4 0.990476 0.933333
140 0.4 0.971429 0.977778
150 0.4 0.923810 0.955556
10 0.5 0.990476 0.955556
20 0.5 0.952381 0.866667
30 0.5 0.971429 0.955556
40 0.5 0.980952 0.977778
50 0.5 0.980952 1.000000
60 0.5 0.971429 0.977778
70 0.5 0.980952 0.977778
80 0.5 0.933333 0.911111
90 0.5 0.952381 0.977778
100 0.5 0.980952 0.933333
110 0.5 0.980952 0.977778
120 0.5 0.961905 0.955556
130 0.5 0.914286 0.888889
140 0.5 0.980952 0.977778
150 0.5 0.990476 0.955556
10 0.6 0.980952 0.977778
20 0.6 0.990476 0.911111
30 0.6 0.961905 0.955556
40 0.6 0.990476 0.955556
50 0.6 0.952381 0.866667
60 0.6 0.980952 0.977778
70 0.6 0.961905 0.955556
80 0.6 0.961905 0.977778
90 0.6 0.933333 0.888889
100 0.6 0.990476 0.933333
110 0.6 0.990476 0.955556
120 0.6 0.961905 0.977778
130 0.6 0.980952 0.977778
140 0.6 0.961905 1.000000
150 0.6 0.961905 0.977778
10 0.7 0.980952 0.977778
20 0.7 0.971429 0.977778
30 0.7 0.980952 0.888889
40 0.7 0.980952 0.977778
50 0.7 1.000000 0.977778
60 0.7 0.961905 1.000000
70 0.7 0.971429 0.977778
80 0.7 0.942857 0.866667
90 0.7 0.847619 0.822222
100 0.7 0.952381 1.000000
110 0.7 0.828571 0.866667
120 0.7 0.923810 0.977778
130 0.7 0.961905 0.933333
140 0.7 0.980952 0.977778
150 0.7 0.990476 0.977778
10 0.8 0.923810 0.911111
20 0.8 0.990476 0.955556
30 0.8 0.971429 1.000000
40 0.8 0.990476 0.911111
50 0.8 0.942857 0.955556
60 0.8 0.961905 0.977778
70 0.8 0.923810 0.866667
80 0.8 0.961905 0.933333
90 0.8 0.914286 0.955556
100 0.8 0.952381 0.888889
110 0.8 0.980952 0.955556
120 0.8 0.942857 0.911111
130 0.8 0.990476 0.977778
140 0.8 0.980952 0.977778
150 0.8 0.980952 0.977778
10 0.9 0.971429 1.000000
20 0.9 0.961905 0.866667
30 0.9 0.847619 0.888889
40 0.9 0.923810 0.955556
50 0.9 0.971429 1.000000
60 0.9 0.952381 1.000000
70 0.9 0.990476 0.955556
80 0.9 0.914286 0.933333
90 0.9 0.952381 0.933333
100 0.9 0.971429 0.911111
110 0.9 0.971429 0.955556
120 0.9 0.942857 0.977778
130 0.9 0.961905 1.000000
140 0.9 0.980952 0.933333
150 0.9 0.980952 0.977778
10 0.1 0.980952 0.977778
20 0.1 0.980952 0.977778
30 0.1 0.980952 0.977778
40 0.1 0.980952 0.977778
50 0.1 0.980952 0.977778
60 0.1 0.971429 1.000000
70 0.1 0.980952 1.000000
80 0.1 0.990476 0.955556
90 0.1 0.980952 1.000000
100 0.1 0.990476 1.000000
110 0.1 0.990476 0.977778
120 0.1 0.980952 0.977778
130 0.1 0.990476 1.000000
140 0.1 0.971429 0.977778
150 0.1 0.980952 0.977778
10 0.2 0.971429 1.000000
20 0.2 0.980952 0.977778
30 0.2 0.961905 0.933333
40 0.2 0.990476 0.955556
50 0.2 0.980952 1.000000
60 0.2 1.000000 0.933333
70 0.2 0.980952 1.000000
80 0.2 0.980952 0.977778
90 0.2 0.980952 0.977778
100 0.2 0.990476 0.955556
110 0.2 0.990476 0.955556
120 0.2 0.980952 0.955556
130 0.2 0.990476 0.955556
140 0.2 0.980952 0.955556
150 0.2 0.990476 0.955556
10 0.3 0.971429 1.000000
20 0.3 0.866667 0.866667
30 0.3 0.980952 0.977778
40 0.3 0.971429 1.000000
50 0.3 0.980952 0.977778
60 0.3 0.990476 0.955556
70 0.3 0.990476 0.955556
80 0.3 0.980952 0.977778
90 0.3 0.990476 0.955556
100 0.3 0.971429 0.977778
110 0.3 0.980952 0.933333
120 0.3 0.990476 0.955556
130 0.3 0.980952 0.977778
140 0.3 0.980952 1.000000
150 0.3 0.990476 0.955556
10 0.4 0.980952 0.977778
20 0.4 0.914286 0.888889
30 0.4 0.952381 0.977778
40 0.4 0.980952 0.955556
50 0.4 1.000000 0.911111
60 0.4 0.980952 0.955556
70 0.4 0.990476 0.955556
80 0.4 0.980952 0.977778
90 0.4 0.971429 1.000000
100 0.4 0.990476 0.977778
110 0.4 0.980952 0.977778
120 0.4 0.990476 0.955556
130 0.4 0.885714 0.866667
140 0.4 0.980952 0.977778
150 0.4 0.980952 0.977778
10 0.5 0.961905 0.977778
20 0.5 0.961905 0.933333
30 0.5 0.980952 0.977778
40 0.5 0.990476 0.977778
50 0.5 0.971429 0.955556
60 0.5 0.971429 0.977778
70 0.5 0.990476 0.955556
80 0.5 0.980952 0.955556
90 0.5 0.990476 0.955556
100 0.5 0.980952 1.000000
110 0.5 0.990476 0.955556
120 0.5 0.971429 0.955556
130 0.5 0.980952 0.977778
140 0.5 0.980952 0.933333
150 0.5 0.980952 0.955556
10 0.6 0.980952 0.933333
20 0.6 0.990476 0.933333
30 0.6 0.990476 1.000000
40 0.6 0.980952 0.977778
50 0.6 0.980952 0.977778
60 0.6 0.980952 0.977778
70 0.6 0.923810 0.911111
80 0.6 0.933333 0.933333
90 0.6 0.990476 0.977778
100 0.6 0.980952 1.000000
110 0.6 0.942857 0.888889
120 0.6 0.980952 1.000000
130 0.6 0.980952 0.977778
140 0.6 0.961905 0.888889
150 0.6 0.980952 0.911111
10 0.7 0.828571 0.733333
20 0.7 0.971429 0.977778
30 0.7 0.866667 0.844444
40 0.7 0.923810 0.955556
50 0.7 0.952381 0.888889
60 0.7 0.980952 0.933333
70 0.7 0.980952 1.000000
80 0.7 0.933333 0.955556
90 0.7 0.990476 0.933333
100 0.7 0.980952 0.977778
110 0.7 0.961905 0.911111
120 0.7 0.980952 0.933333
130 0.7 0.971429 1.000000
140 0.7 0.942857 0.955556
150 0.7 0.942857 0.955556
10 0.8 0.980952 0.955556
20 0.8 0.971429 1.000000
30 0.8 0.971429 1.000000
40 0.8 0.961905 0.955556
50 0.8 0.980952 0.977778
60 0.8 0.980952 0.977778
70 0.8 0.971429 1.000000
80 0.8 0.990476 0.955556
90 0.8 0.971429 0.977778
100 0.8 0.980952 0.955556
110 0.8 0.952381 0.933333
120 0.8 0.952381 0.933333
130 0.8 0.971429 0.977778
140 0.8 0.952381 0.822222
150 0.8 0.971429 1.000000
10 0.9 0.904762 0.822222
20 0.9 0.971429 1.000000
30 0.9 0.876190 0.800000
40 0.9 0.961905 0.977778
50 0.9 0.971429 0.911111
60 0.9 0.980952 0.955556
70 0.9 0.942857 0.955556
80 0.9 0.942857 0.933333
90 0.9 0.923810 0.955556
100 0.9 0.961905 0.977778
110 0.9 0.971429 0.911111
120 0.9 0.971429 0.866667
130 0.9 0.971429 0.977778
140 0.9 0.980952 0.955556
150 0.9 0.971429 1.000000
10 0.1 0.980952 0.977778
20 0.1 0.980952 1.000000
30 0.1 0.980952 1.000000
40 0.1 0.971429 1.000000
50 0.1 0.990476 0.977778
60 0.1 0.980952 1.000000
70 0.1 0.980952 1.000000
80 0.1 0.980952 1.000000
90 0.1 1.000000 0.933333
100 0.1 0.990476 0.977778
110 0.1 0.980952 0.977778
120 0.1 0.980952 1.000000
130 0.1 0.990476 0.955556
140 0.1 0.990476 0.977778
150 0.1 0.952381 0.955556
10 0.2 0.971429 1.000000
20 0.2 0.990476 0.977778
30 0.2 0.980952 0.977778
40 0.2 0.990476 0.955556
50 0.2 1.000000 0.933333
60 0.2 0.980952 0.977778
70 0.2 0.952381 0.866667
80 0.2 0.980952 0.977778
90 0.2 0.990476 0.933333
100 0.2 0.980952 0.977778
110 0.2 0.971429 0.977778
120 0.2 0.980952 0.977778
130 0.2 0.876190 0.955556
140 0.2 0.990476 0.955556
150 0.2 0.980952 0.955556
10 0.3 0.952381 0.955556
20 0.3 0.980952 0.955556
30 0.3 0.971429 1.000000
40 0.3 0.980952 1.000000
50 0.3 0.971429 0.955556
60 0.3 0.952381 0.888889
70 0.3 0.990476 0.955556
80 0.3 0.971429 1.000000
90 0.3 0.980952 0.955556
100 0.3 0.980952 0.977778
110 0.3 0.980952 0.977778
120 0.3 0.895238 0.911111
130 0.3 0.990476 0.933333
140 0.3 0.980952 1.000000
150 0.3 0.990476 0.955556
10 0.4 0.961905 0.977778
20 0.4 0.980952 0.977778
30 0.4 0.952381 0.955556
40 0.4 0.980952 1.000000
50 0.4 1.000000 0.955556
60 0.4 0.980952 0.955556
70 0.4 0.990476 0.977778
80 0.4 0.961905 0.933333
90 0.4 0.990476 0.955556
100 0.4 0.971429 1.000000
110 0.4 0.990476 0.955556
120 0.4 0.990476 0.933333
130 0.4 0.990476 1.000000
140 0.4 0.980952 0.977778
150 0.4 0.990476 0.933333
10 0.5 0.971429 0.977778
20 0.5 0.885714 0.733333
30 0.5 0.980952 0.955556
40 0.5 0.809524 0.911111
50 0.5 0.980952 0.977778
60 0.5 0.971429 1.000000
70 0.5 0.971429 1.000000
80 0.5 0.971429 0.955556
90 0.5 0.971429 0.955556
100 0.5 0.990476 0.955556
110 0.5 0.971429 1.000000
120 0.5 0.971429 1.000000
130 0.5 0.971429 0.977778
140 0.5 0.790476 0.911111
150 0.5 0.971429 0.977778
10 0.6 0.990476 0.955556
20 0.6 0.990476 0.977778
30 0.6 0.990476 0.977778
40 0.6 0.971429 0.955556
50 0.6 0.980952 0.977778
60 0.6 0.980952 0.977778
70 0.6 0.990476 0.977778
80 0.6 0.971429 0.977778
90 0.6 0.961905 0.955556
100 0.6 0.990476 0.955556
110 0.6 0.942857 0.911111
120 0.6 0.971429 0.977778
130 0.6 0.904762 0.911111
140 0.6 0.980952 0.977778
150 0.6 0.980952 0.977778
10 0.7 0.971429 1.000000
20 0.7 0.971429 1.000000
30 0.7 0.819048 0.866667
40 0.7 0.971429 1.000000
50 0.7 0.980952 0.977778
60 0.7 0.990476 1.000000
70 0.7 0.961905 1.000000
80 0.7 0.961905 0.888889
90 0.7 0.933333 0.977778
100 0.7 0.980952 0.977778
110 0.7 0.971429 0.977778
120 0.7 0.952381 0.977778
130 0.7 0.990476 0.933333
140 0.7 0.971429 0.977778
150 0.7 0.971429 0.933333
10 0.8 0.980952 0.977778
20 0.8 0.942857 0.955556
30 0.8 0.971429 0.933333
40 0.8 0.980952 0.977778
50 0.8 0.980952 0.955556
60 0.8 0.971429 0.933333
70 0.8 0.971429 1.000000
80 0.8 0.971429 0.977778
90 0.8 0.980952 0.977778
100 0.8 0.961905 0.933333
110 0.8 0.923810 0.955556
120 0.8 0.980952 0.977778
130 0.8 0.980952 0.977778
140 0.8 0.952381 0.911111
150 0.8 0.971429 0.933333
10 0.9 0.885714 0.822222
20 0.9 0.980952 0.933333
30 0.9 0.971429 0.955556
40 0.9 0.942857 0.866667
50 0.9 0.923810 0.866667
60 0.9 0.952381 0.933333
70 0.9 0.961905 0.933333
80 0.9 0.961905 0.955556
90 0.9 0.980952 0.977778
100 0.9 0.980952 0.955556
110 0.9 0.990476 0.955556
120 0.9 0.980952 0.977778
130 0.9 0.971429 0.977778
140 0.9 0.990476 0.955556
150 0.9 0.914286 0.822222
10 0.1 0.990476 0.955556
20 0.1 0.980952 0.977778
30 0.1 0.980952 1.000000
40 0.1 0.990476 0.955556
50 0.1 0.990476 0.977778
60 0.1 0.990476 0.955556
70 0.1 0.980952 0.977778
80 0.1 0.980952 1.000000
90 0.1 0.980952 0.977778
100 0.1 0.971429 1.000000
110 0.1 0.990476 0.977778
120 0.1 1.000000 0.933333
130 0.1 0.980952 1.000000
140 0.1 0.980952 0.977778
150 0.1 0.980952 0.977778
10 0.2 0.990476 0.955556
20 0.2 0.980952 0.977778
30 0.2 0.990476 0.955556
40 0.2 0.961905 0.933333
50 0.2 0.980952 0.977778
60 0.2 0.971429 0.977778
70 0.2 0.990476 0.955556
80 0.2 0.971429 0.955556
90 0.2 0.980952 0.977778
100 0.2 0.980952 0.977778
110 0.2 0.990476 0.977778
120 0.2 0.980952 0.955556
130 0.2 0.971429 1.000000
140 0.2 0.990476 1.000000
150 0.2 0.971429 1.000000
10 0.3 0.990476 0.955556
20 0.3 0.980952 0.977778
30 0.3 0.990476 0.955556
40 0.3 0.980952 1.000000
50 0.3 0.971429 0.977778
60 0.3 0.971429 1.000000
70 0.3 0.971429 1.000000
80 0.3 0.961905 1.000000
90 0.3 0.990476 0.977778
100 0.3 0.980952 0.977778
110 0.3 0.980952 0.977778
120 0.3 0.990476 0.955556
130 0.3 0.971429 1.000000
140 0.3 0.980952 0.955556
150 0.3 0.961905 0.955556
10 0.4 0.885714 0.844444
20 0.4 0.990476 1.000000
30 0.4 0.971429 1.000000
40 0.4 0.990476 0.977778
50 0.4 0.923810 0.866667
60 0.4 0.961905 1.000000
70 0.4 0.990476 0.977778
80 0.4 0.971429 0.977778
90 0.4 0.990476 0.955556
100 0.4 0.980952 0.955556
110 0.4 1.000000 0.933333
120 0.4 0.980952 1.000000
130 0.4 0.980952 0.955556
140 0.4 0.971429 1.000000
150 0.4 0.971429 0.955556
10 0.5 0.980952 0.977778
20 0.5 0.980952 1.000000
30 0.5 0.980952 0.977778
40 0.5 0.980952 0.977778
50 0.5 0.971429 1.000000
60 0.5 0.980952 0.977778
70 0.5 0.971429 0.977778
80 0.5 0.980952 0.955556
90 0.5 0.990476 0.955556
100 0.5 0.971429 1.000000
110 0.5 0.961905 0.977778
120 0.5 0.980952 0.977778
130 0.5 0.971429 0.977778
140 0.5 0.971429 0.977778
150 0.5 0.990476 0.955556
10 0.6 0.990476 0.933333
20 0.6 0.990476 0.955556
30 0.6 1.000000 0.955556
40 0.6 0.971429 0.955556
50 0.6 0.971429 0.977778
60 0.6 1.000000 0.911111
70 0.6 0.961905 0.866667
80 0.6 0.961905 1.000000
90 0.6 0.980952 0.955556
100 0.6 0.980952 0.977778
110 0.6 0.980952 0.977778
120 0.6 1.000000 0.955556
130 0.6 0.980952 0.977778
140 0.6 0.990476 0.977778
150 0.6 0.952381 0.977778
10 0.7 0.961905 0.955556
20 0.7 0.971429 0.977778
30 0.7 0.980952 0.955556
40 0.7 0.980952 1.000000
50 0.7 0.971429 0.977778
60 0.7 0.961905 0.977778
70 0.7 0.971429 0.977778
80 0.7 0.942857 0.888889
90 0.7 0.952381 0.955556
100 0.7 0.961905 0.977778
110 0.7 0.961905 1.000000
120 0.7 0.971429 0.977778
130 0.7 0.961905 0.911111
140 0.7 0.971429 0.955556
150 0.7 0.971429 1.000000
10 0.8 0.961905 1.000000
20 0.8 0.980952 1.000000
30 0.8 0.933333 0.911111
40 0.8 0.961905 1.000000
50 0.8 0.990476 0.977778
60 0.8 0.971429 0.888889
70 0.8 0.980952 0.933333
80 0.8 0.971429 0.955556
90 0.8 0.828571 0.933333
100 0.8 0.961905 0.911111
110 0.8 0.914286 0.888889
120 0.8 1.000000 0.955556
130 0.8 0.780952 0.755556
140 0.8 0.914286 0.933333
150 0.8 0.961905 0.977778
10 0.9 0.971429 1.000000
20 0.9 0.980952 0.977778
30 0.9 0.980952 0.977778
40 0.9 0.971429 0.977778
50 0.9 0.952381 0.955556
60 0.9 0.971429 1.000000
70 0.9 0.990476 0.977778
80 0.9 0.961905 0.955556
90 0.9 0.971429 0.977778
100 0.9 0.952381 0.977778
110 0.9 0.942857 0.911111
120 0.9 0.904762 0.955556
130 0.9 0.980952 0.977778
140 0.9 0.971429 0.977778
150 0.9 0.980952 1.000000
10 0.1 0.980952 1.000000
20 0.1 0.980952 0.977778
30 0.1 0.980952 0.977778
40 0.1 0.990476 0.955556
50 0.1 0.990476 0.977778
60 0.1 0.990476 1.000000
70 0.1 0.980952 0.977778
80 0.1 0.990476 0.955556
90 0.1 0.980952 1.000000
100 0.1 0.961905 0.955556
110 0.1 1.000000 0.955556
120 0.1 0.990476 1.000000
130 0.1 0.990476 1.000000
140 0.1 1.000000 0.977778
150 0.1 0.990476 0.955556
10 0.2 0.980952 1.000000
20 0.2 0.971429 0.955556
30 0.2 0.971429 0.955556
40 0.2 0.971429 0.955556
50 0.2 0.971429 1.000000
60 0.2 0.971429 1.000000
70 0.2 0.971429 0.977778
80 0.2 0.990476 0.955556
90 0.2 0.980952 0.977778
100 0.2 0.980952 1.000000
110 0.2 0.990476 0.933333
120 0.2 0.990476 0.933333
130 0.2 0.990476 0.977778
140 0.2 0.952381 0.933333
150 0.2 0.980952 0.977778
10 0.3 0.961905 1.000000
20 0.3 0.980952 1.000000
30 0.3 0.980952 0.977778
40 0.3 0.952381 0.977778
50 0.3 0.980952 0.977778
60 0.3 0.990476 0.955556
70 0.3 0.990476 1.000000
80 0.3 1.000000 0.977778
90 0.3 0.980952 0.977778
100 0.3 0.990476 1.000000
110 0.3 0.971429 1.000000
120 0.3 1.000000 0.933333
130 0.3 0.990476 0.977778
140 0.3 0.980952 0.955556
150 0.3 0.980952 0.977778
10 0.4 0.980952 0.977778
20 0.4 0.980952 0.977778
30 0.4 0.990476 0.955556
40 0.4 0.990476 0.955556
50 0.4 0.961905 1.000000
60 0.4 0.971429 0.977778
70 0.4 0.942857 0.955556
80 0.4 0.990476 0.977778
90 0.4 0.980952 0.955556
100 0.4 0.961905 1.000000
110 0.4 0.980952 0.977778
120 0.4 1.000000 0.933333
130 0.4 0.980952 0.977778
140 0.4 0.980952 0.955556
150 0.4 0.980952 0.888889
10 0.5 0.990476 0.977778
20 0.5 0.990476 0.977778
30 0.5 0.971429 0.911111
40 0.5 0.980952 0.977778
50 0.5 0.961905 1.000000
60 0.5 0.809524 0.911111
70 0.5 0.980952 0.977778
80 0.5 0.990476 0.977778
90 0.5 0.961905 1.000000
100 0.5 1.000000 0.933333
110 0.5 0.942857 0.955556
120 0.5 0.971429 1.000000
130 0.5 0.971429 0.955556
140 0.5 0.971429 1.000000
150 0.5 0.961905 1.000000
10 0.6 0.971429 1.000000
20 0.6 0.990476 1.000000
30 0.6 0.971429 0.933333
40 0.6 0.990476 0.955556
50 0.6 0.971429 1.000000
60 0.6 0.961905 1.000000
70 0.6 0.980952 0.955556
80 0.6 0.971429 0.933333
90 0.6 0.990476 0.955556
100 0.6 0.971429 0.955556
110 0.6 0.990476 0.933333
120 0.6 0.971429 0.977778
130 0.6 0.961905 0.955556
140 0.6 0.971429 1.000000
150 0.6 0.990476 0.955556
10 0.7 0.980952 0.977778
20 0.7 0.904762 0.955556
30 0.7 0.961905 0.955556
40 0.7 0.971429 0.933333
50 0.7 0.980952 0.955556
60 0.7 0.866667 0.933333
70 0.7 0.980952 0.955556
80 0.7 0.961905 0.977778
90 0.7 0.990476 0.977778
100 0.7 0.971429 1.000000
110 0.7 0.971429 0.955556
120 0.7 0.980952 1.000000
130 0.7 0.971429 0.977778
140 0.7 0.961905 0.933333
150 0.7 0.980952 0.977778
10 0.8 0.980952 0.977778
20 0.8 0.971429 0.977778
30 0.8 0.980952 0.955556
40 0.8 0.961905 1.000000
50 0.8 0.895238 0.866667
60 0.8 0.904762 0.888889
70 0.8 0.971429 1.000000
80 0.8 0.971429 0.977778
90 0.8 0.990476 0.955556
100 0.8 0.971429 1.000000
110 0.8 0.923810 0.955556
120 0.8 0.961905 0.911111
130 0.8 0.952381 0.977778
140 0.8 0.942857 0.977778
150 0.8 0.980952 0.933333
10 0.9 0.971429 0.977778
20 0.9 0.980952 0.977778
30 0.9 0.980952 0.977778
40 0.9 0.923810 0.977778
50 0.9 0.914286 0.888889
60 0.9 0.980952 0.977778
70 0.9 0.971429 0.866667
80 0.9 0.961905 0.977778
90 0.9 0.923810 1.000000
100 0.9 0.980952 0.955556
110 0.9 0.961905 1.000000
120 0.9 0.828571 0.777778
130 0.9 0.971429 0.955556
140 0.9 0.952381 0.866667
150 0.9 0.961905 1.000000