10 1 0.314286 0.377778
20 1 0.352381 0.288889
30 1 0.323810 0.355556
40 1 0.314286 0.377778
50 1 0.371429 0.244444
60 1 0.352381 0.288889
70 1 0.323810 0.355556
80 1 0.342857 0.311111
90 1 0.352381 0.288889
100 1 0.352381 0.288889
110 1 0.342857 0.311111
120 1 0.304762 0.400000
130 1 0.314286 0.377778
140 1 0.333333 0.333333
150 1 0.323810 0.355556
10 2 0.666667 0.666667
20 2 0.800000 0.888889
30 2 0.895238 0.977778
40 2 0.914286 0.888889
50 2 0.885714 0.711111
60 2 0.952381 0.844444
70 2 0.942857 0.955556
80 2 0.942857 0.955556
90 2 0.923810 0.977778
100 2 0.961905 0.955556
110 2 0.933333 0.977778
120 2 0.961905 0.911111
130 2 0.961905 0.933333
140 2 0.971429 0.911111
150 2 0.942857 0.955556
10 3 0.942857 0.888889
20 3 0.933333 0.977778
30 3 0.914286 0.933333
40 3 0.923810 0.955556
50 3 0.933333 0.911111
60 3 0.923810 0.955556
70 3 0.942857 0.911111
80 3 0.914286 0.955556
90 3 0.933333 0.888889
100 3 0.961905 0.933333
110 3 0.933333 0.955556
120 3 0.961905 0.933333
130 3 0.876190 0.844444
140 3 0.952381 0.977778
150 3 0.980952 0.955556
10 4 0.923810 0.866667
20 4 0.971429 0.911111
30 4 0.942857 1.000000
40 4 0.952381 0.977778
50 4 0.885714 0.933333
60 4 0.961905 0.933333
70 4 0.952381 0.911111
80 4 0.971429 0.888889
90 4 0.980952 0.911111
100 4 0.980952 0.933333
110 4 0.980952 0.933333
120 4 0.971429 0.955556
130 4 0.980952 0.977778
140 4 0.971429 0.977778
150 4 0.990476 0.955556
10 5 0.714286 0.644444
20 5 0.961905 0.977778
30 5 0.961905 0.977778
40 5 0.790476 0.777778
50 5 0.952381 0.933333
60 5 0.952381 0.955556
70 5 0.942857 0.933333
80 5 0.971429 0.933333
90 5 0.971429 0.844444
100 5 0.980952 0.933333
110 5 0.971429 0.955556
120 5 0.923810 0.955556
130 5 0.971429 0.933333
140 5 0.971429 1.000000
150 5 0.980952 0.977778
10 6 0.971429 0.933333
20 6 0.961905 1.000000
30 6 0.961905 0.933333
40 6 0.933333 0.977778
50 6 0.971429 0.933333
60 6 0.952381 0.933333
70 6 0.971429 0.955556
80 6 0.971429 0.933333
90 6 0.980952 0.955556
100 6 0.971429 0.977778
110 6 0.971429 0.977778
120 6 0.952381 1.000000
130 6 0.876190 0.844444
140 6 0.980952 0.977778
150 6 0.980952 0.977778
10 7 0.714286 0.666667
20 7 0.933333 0.866667
30 7 0.876190 0.866667
40 7 0.961905 0.955556
50 7 0.942857 0.955556
60 7 0.942857 0.977778
70 7 0.980952 0.888889
80 7 0.971429 0.933333
90 7 0.971429 0.977778
100 7 0.980952 0.955556
110 7 0.971429 0.977778
120 7 0.952381 0.977778
130 7 0.990476 0.911111
140 7 1.000000 0.911111
150 7 0.980952 0.955556
10 8 0.828571 0.844444
20 8 0.933333 0.866667
30 8 0.971429 0.955556
40 8 0.952381 0.911111
50 8 0.942857 1.000000
60 8 1.000000 0.888889
70 8 0.971429 0.911111
80 8 0.961905 0.977778
90 8 0.980952 0.955556
100 8 0.990476 0.933333
110 8 0.980952 0.955556
120 8 0.971429 0.933333
130 8 0.980952 0.933333
140 8 0.971429 0.977778
150 8 0.923810 0.933333
10 9 0.923810 0.866667
20 9 0.914286 0.933333
30 9 0.961905 0.977778
40 9 0.980952 0.911111
50 9 0.971429 0.911111
60 9 0.961905 0.955556
70 9 0.980952 0.933333
80 9 0.961905 0.977778
90 9 0.971429 0.911111
100 9 0.980952 0.977778
110 9 0.980952 0.977778
120 9 0.971429 0.977778
130 9 0.971429 0.977778
140 9 0.961905 1.000000
150 9 0.980952 0.977778
10 10 0.828571 0.688889
20 10 0.961905 0.955556
30 10 0.914286 0.977778
40 10 0.971429 0.955556
50 10 0.971429 0.977778
60 10 0.971429 0.955556
70 10 0.990476 0.933333
80 10 0.961905 0.955556
90 10 0.971429 1.000000
100 10 0.990476 0.933333
110 10 0.980952 0.955556
120 10 0.990476 0.888889
130 10 0.980952 0.955556
140 10 0.971429 0.977778
150 10 0.980952 0.977778
10 1 0.371429 0.244444
20 1 0.304762 0.400000
30 1 0.285714 0.444444
40 1 0.304762 0.400000
50 1 0.333333 0.333333
60 1 0.352381 0.288889
70 1 0.333333 0.333333
80 1 0.323810 0.355556
90 1 0.314286 0.377778
100 1 0.323810 0.355556
110 1 0.361905 0.266667
120 1 0.323810 0.355556
130 1 0.333333 0.333333
140 1 0.314286 0.377778
150 1 0.304762 0.400000
10 2 0.695238 0.600000
20 2 0.742857 0.666667
30 2 0.904762 0.866667
40 2 0.904762 0.933333
50 2 0.923810 0.933333
60 2 0.923810 0.933333
70 2 0.923810 0.933333
80 2 0.961905 0.933333
90 2 0.933333 0.888889
100 2 0.933333 0.955556
110 2 0.942857 0.955556
120 2 0.952381 0.977778
130 2 0.923810 0.933333
140 2 0.952381 0.933333
150 2 0.961905 0.977778
10 3 0.657143 0.688889
20 3 0.876190 0.844444
30 3 0.923810 0.977778
40 3 0.942857 0.955556
50 3 0.971429 0.911111
60 3 0.914286 0.888889
70 3 0.923810 0.955556
80 3 0.952381 0.888889
90 3 0.961905 0.888889
100 3 0.923810 0.888889
110 3 0.895238 0.911111
120 3 0.971429 0.911111
130 3 0.961905 0.955556
140 3 0.971429 0.955556
150 3 0.933333 0.933333
10 4 0.695238 0.600000
20 4 0.933333 0.933333
30 4 0.961905 0.955556
40 4 0.933333 0.977778
50 4 0.952381 0.933333
60 4 0.933333 0.955556
70 4 0.942857 0.955556
80 4 0.990476 0.888889
90 4 0.961905 0.933333
100 4 0.961905 0.977778
110 4 0.980952 0.977778
120 4 0.980952 0.977778
130 4 0.952381 0.955556
140 4 0.961905 0.955556
150 4 0.980952 0.955556
10 5 0.657143 0.755556
20 5 0.952381 0.911111
30 5 0.980952 0.888889
40 5 0.904762 0.911111
50 5 0.961905 0.933333
60 5 0.933333 0.955556
70 5 0.942857 0.977778
80 5 0.961905 0.911111
90 5 0.952381 0.911111
100 5 0.971429 0.911111
110 5 0.933333 0.977778
120 5 0.923810 0.911111
130 5 0.990476 0.933333
140 5 0.980952 0.955556
150 5 0.971429 0.933333
10 6 0.685714 0.777778
20 6 0.790476 0.600000
30 6 0.942857 0.933333
40 6 0.942857 0.933333
50 6 0.952381 0.844444
60 6 0.971429 0.911111
70 6 0.980952 0.911111
80 6 0.971429 0.911111
90 6 0.980952 0.933333
100 6 0.971429 0.955556
110 6 0.980952 1.000000
120 6 0.971429 1.000000
130 6 0.990476 0.933333
140 6 0.980952 0.955556
150 6 0.990476 0.933333
10 7 0.723810 0.711111
20 7 0.866667 0.933333
30 7 0.990476 0.955556
40 7 0.952381 0.955556
50 7 0.952381 0.955556
60 7 0.942857 0.977778
70 7 0.952381 0.955556
80 7 0.980952 0.933333
90 7 0.961905 0.933333
100 7 0.990476 0.911111
110 7 0.971429 0.977778
120 7 0.980952 0.955556
130 7 0.990476 0.933333
140 7 0.980952 0.955556
150 7 0.980952 1.000000
10 8 0.857143 0.866667
20 8 0.961905 0.977778
30 8 0.971429 0.955556
40 8 0.971429 0.911111
50 8 0.971429 0.955556
60 8 0.971429 0.955556
70 8 0.952381 0.933333
80 8 0.971429 0.955556
90 8 0.980952 0.955556
100 8 0.980952 0.955556
110 8 0.971429 0.955556
120 8 0.971429 0.955556
130 8 0.952381 1.000000
140 8 0.980952 0.977778
150 8 0.971429 1.000000
10 9 0.666667 0.666667
20 9 0.885714 0.866667
30 9 0.866667 0.844444
40 9 0.980952 0.888889
50 9 0.961905 0.933333
60 9 0.990476 0.911111
70 9 0.961905 0.911111
80 9 0.971429 0.955556
90 9 0.971429 0.977778
100 9 0.980952 0.911111
110 9 0.980952 0.955556
120 9 0.961905 1.000000
130 9 0.971429 0.977778
140 9 0.990476 0.977778
150 9 0.990476 0.933333
10 10 0.885714 0.755556
20 10 0.942857 0.955556
30 10 0.952381 0.977778
40 10 0.961905 0.955556
50 10 0.961905 0.955556
60 10 0.961905 0.977778
70 10 0.980952 0.955556
80 10 0.990476 0.933333
90 10 0.971429 0.977778
100 10 0.961905 1.000000
110 10 0.980952 0.977778
120 10 0.990476 0.933333
130 10 0.990476 0.977778
140 10 0.990476 0.955556
150 10 0.990476 0.955556
10 1 0.352381 0.288889
20 1 0.352381 0.288889
30 1 0.333333 0.333333
40 1 0.352381 0.288889
50 1 0.333333 0.333333
60 1 0.314286 0.377778
70 1 0.323810 0.355556
80 1 0.371429 0.244444
90 1 0.333333 0.333333
100 1 0.342857 0.311111
110 1 0.333333 0.333333
120 1 0.333333 0.333333
130 1 0.380952 0.222222
140 1 0.314286 0.377778
150 1 0.304762 0.400000
10 2 0.723810 0.688889
20 2 0.933333 0.888889
30 2 0.904762 0.888889
40 2 0.933333 0.911111
50 2 0.933333 0.911111
60 2 0.942857 0.911111
70 2 0.933333 0.911111
80 2 0.933333 0.955556
90 2 0.952381 0.911111
100 2 0.961905 0.888889
110 2 0.942857 0.955556
120 2 0.933333 0.977778
130 2 0.971429 0.911111
140 2 0.952381 0.911111
150 2 0.961905 0.866667
10 3 0.714286 0.555556
20 3 0.695238 0.644444
30 3 0.885714 0.911111
40 3 0.923810 0.888889
50 3 0.942857 0.955556
60 3 0.952381 0.800000
70 3 0.933333 0.933333
80 3 0.942857 0.955556
90 3 0.923810 0.911111
100 3 0.971429 0.933333
110 3 0.980952 0.933333
120 3 0.895238 0.844444
130 3 0.952381 0.977778
140 3 0.971429 0.911111
150 3 0.980952 0.955556
10 4 0.933333 0.955556
20 4 0.857143 0.733333
30 4 0.961905 0.955556
40 4 0.885714 0.755556
50 4 0.876190 0.888889
60 4 0.876190 0.911111
70 4 0.952381 0.866667
80 4 0.904762 0.911111
90 4 0.942857 0.911111
100 4 0.933333 0.977778
110 4 0.961905 0.955556
120 4 0.933333 0.955556
130 4 0.961905 0.977778
140 4 0.952381 0.977778
150 4 0.961905 0.933333
10 5 0.942857 0.933333
20 5 0.942857 0.955556
30 5 0.952381 0.933333
40 5 0.961905 0.977778
50 5 0.961905 0.911111
60 5 0.971429 0.955556
70 5 0.971429 0.955556
80 5 0.942857 0.977778
90 5 0.971429 0.911111
100 5 0.971429 0.911111
110 5 0.971429 1.000000
120 5 0.980952 0.933333
130 5 0.990476 0.888889
140 5 0.990476 0.911111
150 5 0.971429 0.977778
10 6 0.952381 0.955556
20 6 0.809524 0.666667
30 6 0.961905 0.911111
40 6 0.961905 0.911111
50 6 0.866667 0.911111
60 6 0.904762 0.888889
70 6 0.933333 0.977778
80 6 0.980952 0.933333
90 6 0.961905 0.933333
100 6 0.952381 0.977778
110 6 0.971429 0.933333
120 6 0.980952 0.977778
130 6 0.980952 0.955556
140 6 0.980952 0.977778
150 6 0.980952 0.911111
10 7 0.704762 0.577778
20 7 0.923810 0.955556
30 7 0.952381 0.955556
40 7 0.952381 0.933333
50 7 0.961905 0.866667
60 7 0.971429 0.888889
70 7 0.904762 0.911111
80 7 0.980952 0.955556
90 7 0.990476 0.955556
100 7 0.971429 0.977778
110 7 0.971429 0.955556
120 7 1.000000 0.911111
130 7 0.980952 0.955556
140 7 0.980952 0.955556
150 7 0.961905 1.000000
10 8 0.971429 0.977778
20 8 0.961905 0.866667
30 8 0.933333 0.888889
40 8 0.971429 0.955556
50 8 0.961905 0.955556
60 8 0.980952 0.933333
70 8 0.961905 0.977778
80 8 0.942857 1.000000
90 8 0.980952 0.888889
100 8 0.971429 0.977778
110 8 0.990476 0.911111
120 8 0.980952 0.977778
130 8 0.980952 0.955556
140 8 0.980952 0.977778
150 8 0.990476 0.977778
10 9 0.800000 0.755556
20 9 0.961905 0.955556
30 9 0.914286 0.800000
40 9 0.971429 0.955556
50 9 0.961905 0.933333
60 9 0.971429 0.955556
70 9 0.961905 0.977778
80 9 0.952381 0.977778
90 9 0.980952 0.977778
100 9 0.971429 0.955556
110 9 0.971429 0.977778
120 9 0.990476 0.955556
130 9 0.980952 1.000000
140 9 0.980952 0.977778
150 9 0.980952 0.977778
10 10 0.704762 0.644444
20 10 0.971429 0.955556
30 10 0.904762 0.888889
40 10 0.961905 0.977778
50 10 0.961905 0.933333
60 10 0.952381 0.955556
70 10 0.942857 1.000000
80 10 0.961905 0.977778
90 10 0.980952 0.977778
100 10 0.990476 0.933333
110 10 0.980952 0.911111
120 10 0.990476 0.933333
130 10 0.971429 1.000000
140 10 0.990476 0.933333
150 10 0.971429 0.955556
10 1 0.371429 0.244444
20 1 0.361905 0.266667
30 1 0.342857 0.311111
40 1 0.390476 0.200000
50 1 0.333333 0.333333
60 1 0.304762 0.400000
70 1 0.323810 0.355556
80 1 0.371429 0.244444
90 1 0.342857 0.311111
100 1 0.323810 0.355556
110 1 0.342857 0.311111
120 1 0.323810 0.355556
130 1 0.323810 0.355556
140 1 0.333333 0.333333
150 1 0.352381 0.288889
10 2 0.685714 0.622222
20 2 0.923810 0.933333
30 2 0.761905 0.688889
40 2 0.885714 0.888889
50 2 0.923810 0.866667
60 2 0.933333 0.866667
70 2 0.942857 0.866667
80 2 0.961905 0.866667
90 2 0.952381 0.955556
100 2 0.952381 0.911111
110 2 0.961905 0.911111
120 2 0.971429 0.866667
130 2 0.961905 0.977778
140 2 0.961905 1.000000
150 2 0.980952 0.933333
10 3 0.685714 0.733333
20 3 0.752381 0.622222
30 3 0.885714 0.866667
40 3 0.895238 0.911111
50 3 0.952381 0.911111
60 3 0.933333 0.888889
70 3 0.895238 0.911111
80 3 0.942857 0.933333
90 3 0.942857 0.933333
100 3 0.961905 0.911111
110 3 0.933333 0.866667
120 3 0.961905 0.933333
130 3 0.961905 0.888889
140 3 0.961905 1.000000
150 3 0.933333 0.777778
10 4 0.685714 0.622222
20 4 0.914286 0.800000
30 4 0.885714 0.777778
40 4 0.923810 0.800000
50 4 0.961905 0.911111
60 4 0.942857 0.933333
70 4 0.961905 0.888889
80 4 0.961905 0.911111
90 4 0.971429 0.933333
100 4 0.980952 0.977778
110 4 0.990476 0.955556
120 4 0.933333 0.911111
130 4 0.971429 0.977778
140 4 0.961905 1.000000
150 4 0.971429 0.888889
10 5 0.904762 0.933333
20 5 0.952381 0.933333
30 5 0.961905 0.911111
40 5 0.952381 0.977778
50 5 0.933333 0.955556
60 5 0.933333 0.955556
70 5 0.961905 0.955556
80 5 0.885714 0.955556
90 5 0.961905 0.933333
100 5 0.952381 0.866667
110 5 0.971429 0.977778
120 5 0.980952 0.977778
130 5 0.971429 0.977778
140 5 0.980952 0.977778
150 5 0.971429 0.933333
10 6 0.933333 0.888889
20 6 0.923810 0.955556
30 6 0.942857 0.911111
40 6 0.952381 0.955556
50 6 0.952381 1.000000
60 6 0.952381 0.955556
70 6 0.942857 0.977778
80 6 0.971429 0.911111
90 6 0.971429 0.888889
100 6 0.980952 0.911111
110 6 0.961905 0.977778
120 6 0.980952 0.955556
130 6 0.971429 0.977778
140 6 0.990476 0.955556
150 6 0.990476 0.955556
10 7 0.695238 0.666667
20 7 0.990476 0.933333
30 7 0.952381 0.955556
40 7 0.971429 0.933333
50 7 0.980952 0.888889
60 7 0.952381 0.955556
70 7 0.971429 0.911111
80 7 0.961905 0.933333
90 7 0.961905 1.000000
100 7 0.980952 0.933333
110 7 0.961905 0.955556
120 7 0.990476 0.933333
130 7 0.980952 0.933333
140 7 0.990476 0.955556
150 7 0.990476 1.000000
10 8 0.685714 0.733333
20 8 0.895238 0.866667
30 8 0.971429 0.955556
40 8 0.971429 0.911111
50 8 0.971429 0.911111
60 8 0.961905 0.955556
70 8 0.980952 0.911111
80 8 0.961905 0.955556
90 8 0.980952 0.955556
100 8 0.961905 0.955556
110 8 0.980952 0.955556
120 8 0.961905 1.000000
130 8 0.971429 0.977778
140 8 1.000000 0.933333
150 8 0.971429 1.000000
10 9 0.790476 0.755556
20 9 0.961905 0.933333
30 9 0.952381 0.977778
40 9 0.971429 0.888889
50 9 0.961905 0.933333
60 9 0.952381 0.911111
70 9 0.971429 0.933333
80 9 0.980952 0.933333
90 9 0.952381 1.000000
100 9 0.971429 0.977778
110 9 0.961905 1.000000
120 9 0.980952 0.977778
130 9 0.971429 0.977778
140 9 0.980952 1.000000
150 9 0.990476 0.977778
10 10 0.704762 0.600000
20 10 0.876190 0.844444
30 10 0.971429 0.933333
40 10 0.952381 0.955556
50 10 0.942857 1.000000
60 10 0.952381 0.955556
70 10 0.952381 0.977778
80 10 0.961905 0.977778
90 10 0.971429 0.977778
100 10 0.990476 0.955556
110 10 0.990476 0.977778
120 10 0.990476 0.911111
130 10 1.000000 0.955556
140 10 0.971429 0.955556
150 10 0.952381 0.977778
10 1 0.352381 0.288889
20 1 0.371429 0.244444
30 1 0.323810 0.355556
40 1 0.323810 0.355556
50 1 0.314286 0.377778
60 1 0.342857 0.311111
70 1 0.333333 0.333333
80 1 0.323810 0.355556
90 1 0.342857 0.311111
100 1 0.361905 0.266667
110 1 0.323810 0.355556
120 1 0.314286 0.377778
130 1 0.314286 0.377778
140 1 0.304762 0.400000
150 1 0.333333 0.333333
10 2 0.666667 0.666667
20 2 0.933333 1.000000
30 2 0.761905 0.688889
40 2 0.895238 0.955556
50 2 0.885714 0.933333
60 2 0.942857 0.955556
70 2 0.885714 0.844444
80 2 0.942857 0.933333
90 2 0.952381 0.844444
100 2 0.961905 0.911111
110 2 0.923810 0.933333
120 2 0.961905 0.888889
130 2 0.971429 0.911111
140 2 0.952381 0.955556
150 2 0.961905 0.955556
10 3 0.847619 0.888889
20 3 0.914286 0.955556
30 3 0.933333 0.933333
40 3 0.923810 0.955556
50 3 0.942857 0.888889
60 3 0.952381 0.911111
70 3 0.942857 0.933333
80 3 0.961905 0.955556
90 3 0.885714 0.933333
100 3 0.952381 0.933333
110 3 0.971429 0.933333
120 3 0.971429 0.844444
130 3 0.952381 0.955556
140 3 0.914286 0.911111
150 3 0.990476 0.933333
10 4 0.723810 0.533333
20 4 0.885714 0.955556
30 4 0.885714 0.800000
40 4 0.952381 0.755556
50 4 0.904762 0.866667
60 4 0.923810 0.800000
70 4 0.933333 0.933333
80 4 0.914286 0.888889
90 4 0.933333 0.844444
100 4 0.895238 0.911111
110 4 0.961905 0.977778
120 4 0.980952 0.888889
130 4 0.971429 0.911111
140 4 0.952381 0.955556
150 4 0.971429 0.977778
10 5 0.733333 0.577778
20 5 0.885714 0.733333
30 5 0.961905 0.955556
40 5 0.923810 0.888889
50 5 0.952381 0.977778
60 5 0.923810 0.933333
70 5 0.952381 0.955556
80 5 0.961905 0.955556
90 5 0.990476 0.955556
100 5 0.971429 0.955556
110 5 0.990476 0.955556
120 5 0.980952 0.977778
130 5 0.980952 0.955556
140 5 0.990476 0.933333
150 5 0.942857 0.955556
10 6 0.904762 0.911111
20 6 0.971429 0.977778
30 6 0.885714 0.933333
40 6 0.971429 0.933333
50 6 0.952381 0.955556
60 6 0.942857 0.933333
70 6 0.971429 0.933333
80 6 0.971429 0.911111
90 6 0.933333 0.955556
100 6 0.971429 0.955556
110 6 0.952381 1.000000
120 6 0.961905 0.955556
130 6 0.990476 0.955556
140 6 1.000000 0.933333
150 6 0.971429 1.000000
10 7 0.676190 0.711111
20 7 0.971429 0.933333
30 7 0.961905 0.933333
40 7 0.961905 0.933333
50 7 0.933333 0.955556
60 7 0.971429 0.955556
70 7 0.952381 0.955556
80 7 0.971429 0.933333
90 7 0.952381 0.977778
100 7 0.990476 0.955556
110 7 0.990476 0.955556
120 7 0.952381 0.955556
130 7 0.980952 0.955556
140 7 0.990476 0.977778
150 7 1.000000 0.955556
10 8 0.866667 0.866667
20 8 0.942857 0.933333
30 8 0.961905 0.955556
40 8 0.952381 0.955556
50 8 0.952381 0.933333
60 8 0.961905 0.933333
70 8 0.942857 1.000000
80 8 0.971429 0.977778
90 8 0.961905 0.933333
100 8 0.990476 0.955556
110 8 0.961905 1.000000
120 8 1.000000 0.911111
130 8 0.980952 0.955556
140 8 0.933333 1.000000
150 8 0.961905 1.000000
10 9 0.695238 0.733333
20 9 0.838095 0.800000
30 9 0.971429 0.933333
40 9 0.952381 0.955556
50 9 0.952381 0.977778
60 9 0.961905 0.933333
70 9 0.971429 0.955556
80 9 0.980952 0.933333
90 9 0.980952 0.933333
100 9 0.990476 0.955556
110 9 0.980952 0.977778
120 9 0.971429 1.000000
130 9 0.980952 0.955556
140 9 0.980952 0.933333
150 9 0.971429 0.977778
10 10 0.742857 0.711111
20 10 0.961905 0.933333
30 10 0.904762 0.844444
40 10 0.952381 0.955556
50 10 0.952381 0.955556
60 10 0.942857 0.955556
70 10 0.990476 0.911111
80 10 0.971429 0.977778
90 10 0.971429 0.933333
100 10 0.990476 0.955556
110 10 0.971429 0.977778
120 10 1.000000 0.977778
130 10 0.980952 0.977778
140 10 0.971429 1.000000
150 10 0.990476 0.955556