100 0.1 0.235849 0.189516
200 0.1 0.303235 0.298387
300 0.1 0.421833 0.439516
400 0.1 0.530997 0.455645
500 0.1 0.495957 0.491935
600 0.1 0.394879 0.375000
700 0.1 0.560647 0.483871
800 0.1 0.525606 0.512097
900 0.1 0.475741 0.407258
1000 0.1 0.533693 0.600806
100 0.2 0.483827 0.455645
200 0.2 0.548518 0.508065
300 0.2 0.544474 0.520161
400 0.2 0.510782 0.459677
500 0.2 0.490566 0.479839
600 0.2 0.452830 0.419355
700 0.2 0.443396 0.370968
800 0.2 0.498652 0.435484
900 0.2 0.427224 0.435484
1000 0.2 0.522911 0.508065
100 0.3 0.419137 0.435484
200 0.3 0.471698 0.431452
300 0.3 0.455526 0.431452
400 0.3 0.483827 0.467742
500 0.3 0.456873 0.415323
600 0.3 0.432615 0.407258
700 0.3 0.366577 0.338710
800 0.3 0.479784 0.391129
900 0.3 0.448787 0.423387
1000 0.3 0.470350 0.467742
100 0.4 0.490566 0.487903
200 0.4 0.396226 0.383065
300 0.4 0.401617 0.395161
400 0.4 0.455526 0.403226
500 0.4 0.398922 0.318548
600 0.4 0.447439 0.439516
700 0.4 0.421833 0.375000
800 0.4 0.424528 0.415323
900 0.4 0.451482 0.387097
1000 0.4 0.448787 0.443548
100 0.5 0.413747 0.419355
200 0.5 0.386792 0.346774
300 0.5 0.382749 0.334677
400 0.5 0.394879 0.362903
500 0.5 0.486523 0.447581
600 0.5 0.442049 0.358871
700 0.5 0.382749 0.370968
800 0.5 0.421833 0.358871
900 0.5 0.389488 0.358871
1000 0.5 0.462264 0.346774
100 0.6 0.278976 0.258065
200 0.6 0.431267 0.379032
300 0.6 0.401617 0.395161
400 0.6 0.404313 0.471774
500 0.6 0.388140 0.366935
600 0.6 0.409704 0.350806
700 0.6 0.439353 0.391129
800 0.6 0.405660 0.399194
900 0.6 0.413747 0.391129
1000 0.6 0.407008 0.326613
100 0.7 0.432615 0.427419
200 0.7 0.376011 0.362903
300 0.7 0.408356 0.407258
400 0.7 0.351752 0.310484
500 0.7 0.413747 0.399194
600 0.7 0.421833 0.370968
700 0.7 0.411051 0.419355
800 0.7 0.407008 0.387097
900 0.7 0.312668 0.326613
1000 0.7 0.397574 0.358871
100 0.8 0.381402 0.278226
200 0.8 0.342318 0.318548
300 0.8 0.335580 0.354839
400 0.8 0.331536 0.326613
500 0.8 0.378706 0.346774
600 0.8 0.380054 0.366935
700 0.8 0.385445 0.342742
800 0.8 0.439353 0.383065
900 0.8 0.400270 0.379032
1000 0.8 0.408356 0.354839
100 0.9 0.373315 0.362903
200 0.9 0.367925 0.346774
300 0.9 0.389488 0.383065
400 0.9 0.353100 0.387097
500 0.9 0.370620 0.375000
600 0.9 0.415094 0.338710
700 0.9 0.388140 0.366935
800 0.9 0.359838 0.342742
900 0.9 0.402965 0.383065
1000 0.9 0.342318 0.318548
100 0.1 0.413747 0.350806
200 0.1 0.415094 0.427419
300 0.1 0.415094 0.403226
400 0.1 0.420485 0.379032
500 0.1 0.420485 0.383065
600 0.1 0.435310 0.326613
700 0.1 0.446092 0.366935
800 0.1 0.448787 0.342742
900 0.1 0.450135 0.326613
1000 0.1 0.409704 0.415323
100 0.2 0.419137 0.350806
200 0.2 0.411051 0.431452
300 0.2 0.431267 0.354839
400 0.2 0.408356 0.383065
500 0.2 0.416442 0.354839
600 0.2 0.425876 0.391129
700 0.2 0.425876 0.362903
800 0.2 0.431267 0.427419
900 0.2 0.413747 0.346774
1000 0.2 0.436658 0.415323
100 0.3 0.402965 0.395161
200 0.3 0.416442 0.370968
300 0.3 0.417790 0.395161
400 0.3 0.435310 0.366935
500 0.3 0.412399 0.415323
600 0.3 0.416442 0.403226
700 0.3 0.436658 0.383065
800 0.3 0.428571 0.375000
900 0.3 0.424528 0.370968
1000 0.3 0.415094 0.362903
100 0.4 0.404313 0.383065
200 0.4 0.405660 0.375000
300 0.4 0.407008 0.407258
400 0.4 0.405660 0.362903
500 0.4 0.435310 0.370968
600 0.4 0.436658 0.362903
700 0.4 0.392183 0.358871
800 0.4 0.433962 0.435484
900 0.4 0.392183 0.354839
1000 0.4 0.421833 0.362903
100 0.5 0.405660 0.419355
200 0.5 0.438005 0.411290
300 0.5 0.402965 0.330645
400 0.5 0.442049 0.362903
500 0.5 0.413747 0.411290
600 0.5 0.450135 0.326613
700 0.5 0.459569 0.358871
800 0.5 0.392183 0.354839
900 0.5 0.404313 0.346774
1000 0.5 0.436658 0.286290
100 0.6 0.429919 0.399194
200 0.6 0.412399 0.419355
300 0.6 0.416442 0.346774
400 0.6 0.390836 0.383065
500 0.6 0.401617 0.391129
600 0.6 0.370620 0.419355
700 0.6 0.398922 0.358871
800 0.6 0.409704 0.346774
900 0.6 0.443396 0.407258
1000 0.6 0.407008 0.375000
100 0.7 0.309973 0.342742
200 0.7 0.407008 0.370968
300 0.7 0.396226 0.427419
400 0.7 0.338275 0.326613
500 0.7 0.384097 0.370968
600 0.7 0.417790 0.403226
700 0.7 0.378706 0.383065
800 0.7 0.394879 0.338710
900 0.7 0.373315 0.370968
1000 0.7 0.431267 0.391129
100 0.8 0.365229 0.346774
200 0.8 0.386792 0.322581
300 0.8 0.371968 0.306452
400 0.8 0.396226 0.407258
500 0.8 0.388140 0.419355
600 0.8 0.385445 0.346774
700 0.8 0.382749 0.334677
800 0.8 0.365229 0.282258
900 0.8 0.393531 0.310484
1000 0.8 0.342318 0.318548
100 0.9 0.281671 0.250000
200 0.9 0.390836 0.350806
300 0.9 0.367925 0.342742
400 0.9 0.397574 0.391129
500 0.9 0.369272 0.350806
600 0.9 0.390836 0.354839
700 0.9 0.328841 0.290323
800 0.9 0.343666 0.314516
900 0.9 0.318059 0.350806
1000 0.9 0.378706 0.379032
100 0.1 0.402965 0.399194
200 0.1 0.424528 0.362903
300 0.1 0.431267 0.314516
400 0.1 0.411051 0.338710
500 0.1 0.408356 0.395161
600 0.1 0.415094 0.354839
700 0.1 0.405660 0.391129
800 0.1 0.408356 0.387097
900 0.1 0.385445 0.403226
1000 0.1 0.408356 0.391129
100 0.2 0.413747 0.395161
200 0.2 0.398922 0.350806
300 0.2 0.390836 0.423387
400 0.2 0.424528 0.338710
500 0.2 0.424528 0.379032
600 0.2 0.419137 0.375000
700 0.2 0.415094 0.346774
800 0.2 0.390836 0.407258
900 0.2 0.436658 0.354839
1000 0.2 0.409704 0.403226
100 0.3 0.394879 0.370968
200 0.3 0.409704 0.383065
300 0.3 0.413747 0.358871
400 0.3 0.407008 0.407258
500 0.3 0.416442 0.358871
600 0.3 0.421833 0.370968
700 0.3 0.417790 0.419355
800 0.3 0.397574 0.459677
900 0.3 0.427224 0.407258
1000 0.3 0.409704 0.387097
100 0.4 0.398922 0.447581
200 0.4 0.417790 0.435484
300 0.4 0.404313 0.362903
400 0.4 0.412399 0.395161
500 0.4 0.438005 0.387097
600 0.4 0.442049 0.399194
700 0.4 0.420485 0.379032
800 0.4 0.394879 0.350806
900 0.4 0.433962 0.427419
1000 0.4 0.438005 0.370968
100 0.5 0.420485 0.395161
200 0.5 0.424528 0.338710
300 0.5 0.392183 0.383065
400 0.5 0.416442 0.346774
500 0.5 0.446092 0.395161
600 0.5 0.362534 0.350806
700 0.5 0.396226 0.358871
800 0.5 0.409704 0.435484
900 0.5 0.428571 0.475806
1000 0.5 0.407008 0.350806
100 0.6 0.370620 0.350806
200 0.6 0.359838 0.346774
300 0.6 0.413747 0.423387
400 0.6 0.411051 0.395161
500 0.6 0.371968 0.358871
600 0.6 0.413747 0.370968
700 0.6 0.431267 0.435484
800 0.6 0.401617 0.342742
900 0.6 0.424528 0.387097
1000 0.6 0.400270 0.362903
100 0.7 0.343666 0.358871
200 0.7 0.388140 0.407258
300 0.7 0.381402 0.383065
400 0.7 0.388140 0.423387
500 0.7 0.385445 0.362903
600 0.7 0.327493 0.370968
700 0.7 0.423181 0.354839
800 0.7 0.401617 0.427419
900 0.7 0.407008 0.322581
1000 0.7 0.400270 0.379032
100 0.8 0.367925 0.399194
200 0.8 0.366577 0.334677
300 0.8 0.374663 0.334677
400 0.8 0.319407 0.330645
500 0.8 0.389488 0.419355
600 0.8 0.384097 0.334677
700 0.8 0.374663 0.395161
800 0.8 0.405660 0.391129
900 0.8 0.396226 0.322581
1000 0.8 0.394879 0.358871
100 0.9 0.408356 0.338710
200 0.9 0.392183 0.375000
300 0.9 0.419137 0.354839
400 0.9 0.405660 0.379032
500 0.9 0.355795 0.391129
600 0.9 0.388140 0.342742
700 0.9 0.431267 0.375000
800 0.9 0.396226 0.282258
900 0.9 0.386792 0.379032
1000 0.9 0.369272 0.383065
100 0.1 0.420485 0.334677
200 0.1 0.404313 0.358871
300 0.1 0.394879 0.395161
400 0.1 0.407008 0.391129
500 0.1 0.386792 0.407258
600 0.1 0.390836 0.358871
700 0.1 0.381402 0.375000
800 0.1 0.423181 0.354839
900 0.1 0.398922 0.366935
1000 0.1 0.404313 0.358871
100 0.2 0.397574 0.379032
200 0.2 0.385445 0.375000
300 0.2 0.421833 0.342742
400 0.2 0.415094 0.346774
500 0.2 0.393531 0.391129
600 0.2 0.355795 0.431452
700 0.2 0.400270 0.354839
800 0.2 0.423181 0.342742
900 0.2 0.412399 0.354839
1000 0.2 0.381402 0.379032
100 0.3 0.396226 0.379032
200 0.3 0.374663 0.362903
300 0.3 0.407008 0.379032
400 0.3 0.412399 0.362903
500 0.3 0.416442 0.366935
600 0.3 0.400270 0.366935
700 0.3 0.402965 0.415323
800 0.3 0.394879 0.379032
900 0.3 0.404313 0.346774
1000 0.3 0.394879 0.379032
100 0.4 0.394879 0.362903
200 0.4 0.366577 0.362903
300 0.4 0.424528 0.391129
400 0.4 0.402965 0.334677
500 0.4 0.393531 0.310484
600 0.4 0.378706 0.358871
700 0.4 0.384097 0.358871
800 0.4 0.405660 0.383065
900 0.4 0.385445 0.403226
1000 0.4 0.433962 0.358871
100 0.5 0.390836 0.318548
200 0.5 0.374663 0.334677
300 0.5 0.412399 0.391129
400 0.5 0.421833 0.387097
500 0.5 0.417790 0.346774
600 0.5 0.400270 0.366935
700 0.5 0.432615 0.375000
800 0.5 0.370620 0.419355
900 0.5 0.435310 0.427419
1000 0.5 0.388140 0.403226
100 0.6 0.431267 0.362903
200 0.6 0.446092 0.383065
300 0.6 0.400270 0.350806
400 0.6 0.401617 0.427419
500 0.6 0.417790 0.411290
600 0.6 0.421833 0.419355
700 0.6 0.458221 0.370968
800 0.6 0.444744 0.399194
900 0.6 0.393531 0.419355
1000 0.6 0.442049 0.431452
100 0.7 0.400270 0.399194
200 0.7 0.443396 0.435484
300 0.7 0.398922 0.423387
400 0.7 0.385445 0.362903
500 0.7 0.397574 0.354839
600 0.7 0.409704 0.395161
700 0.7 0.413747 0.379032
800 0.7 0.411051 0.383065
900 0.7 0.435310 0.395161
1000 0.7 0.371968 0.383065
100 0.8 0.416442 0.370968
200 0.8 0.345013 0.306452
300 0.8 0.433962 0.362903
400 0.8 0.405660 0.370968
500 0.8 0.417790 0.443548
600 0.8 0.378706 0.322581
700 0.8 0.354447 0.322581
800 0.8 0.384097 0.358871
900 0.8 0.316712 0.314516
1000 0.8 0.436658 0.387097
100 0.9 0.361186 0.407258
200 0.9 0.390836 0.346774
300 0.9 0.386792 0.403226
400 0.9 0.400270 0.379032
500 0.9 0.361186 0.379032
600 0.9 0.409704 0.354839
700 0.9 0.411051 0.354839
800 0.9 0.398922 0.358871
900 0.9 0.382749 0.362903
1000 0.9 0.371968 0.302419
100 0.1 0.423181 0.403226
200 0.1 0.431267 0.387097
300 0.1 0.402965 0.451613
400 0.1 0.413747 0.411290
500 0.1 0.427224 0.495968
600 0.1 0.405660 0.387097
700 0.1 0.428571 0.423387
800 0.1 0.429919 0.370968
900 0.1 0.446092 0.391129
1000 0.1 0.411051 0.395161
100 0.2 0.402965 0.358871
200 0.2 0.411051 0.391129
300 0.2 0.424528 0.370968
400 0.2 0.425876 0.366935
500 0.2 0.436658 0.375000
600 0.2 0.401617 0.407258
700 0.2 0.443396 0.362903
800 0.2 0.433962 0.395161
900 0.2 0.438005 0.427419
1000 0.2 0.436658 0.399194
100 0.3 0.435310 0.399194
200 0.3 0.467655 0.391129
300 0.3 0.444744 0.395161
400 0.3 0.390836 0.415323
500 0.3 0.436658 0.391129
600 0.3 0.413747 0.391129
700 0.3 0.432615 0.411290
800 0.3 0.420485 0.395161
900 0.3 0.471698 0.411290
1000 0.3 0.429919 0.407258
100 0.4 0.432615 0.407258
200 0.4 0.423181 0.475806
300 0.4 0.446092 0.419355
400 0.4 0.412399 0.427419
500 0.4 0.444744 0.427419
600 0.4 0.429919 0.459677
700 0.4 0.433962 0.354839
800 0.4 0.447439 0.419355
900 0.4 0.439353 0.419355
1000 0.4 0.425876 0.419355
100 0.5 0.405660 0.459677
200 0.5 0.433962 0.423387
300 0.5 0.396226 0.334677
400 0.5 0.397574 0.379032
500 0.5 0.464960 0.399194
600 0.5 0.385445 0.375000
700 0.5 0.405660 0.387097
800 0.5 0.431267 0.411290
900 0.5 0.345013 0.338710
1000 0.5 0.450135 0.403226
100 0.6 0.378706 0.350806
200 0.6 0.396226 0.399194
300 0.6 0.346361 0.326613
400 0.6 0.458221 0.439516
500 0.6 0.365229 0.354839
600 0.6 0.413747 0.358871
700 0.6 0.424528 0.395161
800 0.6 0.440701 0.358871
900 0.6 0.380054 0.423387
1000 0.6 0.412399 0.391129
100 0.7 0.361186 0.439516
200 0.7 0.431267 0.407258
300 0.7 0.431267 0.399194
400 0.7 0.398922 0.387097
500 0.7 0.402965 0.423387
600 0.7 0.438005 0.338710
700 0.7 0.349057 0.379032
800 0.7 0.440701 0.395161
900 0.7 0.377358 0.411290
1000 0.7 0.371968 0.346774
100 0.8 0.398922 0.431452
200 0.8 0.407008 0.362903
300 0.8 0.355795 0.314516
400 0.8 0.421833 0.350806
500 0.8 0.371968 0.354839
600 0.8 0.413747 0.399194
700 0.8 0.349057 0.383065
800 0.8 0.389488 0.290323
900 0.8 0.385445 0.387097
1000 0.8 0.400270 0.383065
100 0.9 0.408356 0.375000
200 0.9 0.355795 0.286290
300 0.9 0.420485 0.358871
400 0.9 0.384097 0.362903
500 0.9 0.353100 0.318548
600 0.9 0.384097 0.350806
700 0.9 0.362534 0.411290
800 0.9 0.432615 0.358871
900 0.9 0.385445 0.431452
1000 0.9 0.339623 0.375000