100 0.3 0.324798 0.338710
200 0.3 0.370620 0.370968
300 0.3 0.512129 0.487903
400 0.3 0.619946 0.600806
500 0.3 0.636119 0.596774
600 0.3 0.633423 0.592742
700 0.3 0.605121 0.544355
800 0.3 0.615903 0.633065
900 0.3 0.611860 0.540323
1000 0.3 0.663073 0.604839
100 0.3 0.653639 0.600806
200 0.3 0.653639 0.645161
300 0.3 0.598383 0.568548
400 0.3 0.548518 0.495968
500 0.3 0.548518 0.451613
600 0.3 0.611860 0.580645
700 0.3 0.584906 0.504032
800 0.3 0.574124 0.568548
900 0.3 0.621294 0.592742
1000 0.3 0.590296 0.576613
100 0.3 0.654987 0.673387
200 0.3 0.699461 0.616935
300 0.3 0.545822 0.500000
400 0.3 0.660377 0.596774
500 0.3 0.634771 0.568548
600 0.3 0.680593 0.653226
700 0.3 0.516173 0.532258
800 0.3 0.625337 0.524194
900 0.3 0.578167 0.564516
1000 0.3 0.659030 0.612903
100 0.3 0.625337 0.596774
200 0.3 0.505391 0.596774
300 0.3 0.606469 0.568548
400 0.3 0.645553 0.592742
500 0.3 0.642857 0.612903
600 0.3 0.657682 0.705645
700 0.3 0.642857 0.653226
800 0.3 0.597035 0.604839
900 0.3 0.594340 0.532258
1000 0.3 0.646900 0.625000
100 0.3 0.555256 0.532258
200 0.3 0.645553 0.608871
300 0.3 0.605121 0.536290
400 0.3 0.675202 0.645161
500 0.3 0.659030 0.633065
600 0.3 0.653639 0.653226
700 0.3 0.681941 0.556452
800 0.3 0.621294 0.596774
900 0.3 0.584906 0.560484
1000 0.3 0.690027 0.685484