100 0.1 0.680593 0.608871
200 0.1 0.642857 0.633065
300 0.1 0.823450 0.786290
400 0.1 0.873315 0.854839
500 0.1 0.862534 0.770161
600 0.1 0.858491 0.794355
700 0.1 0.866577 0.790323
800 0.1 0.931267 0.911290
900 0.1 0.928571 0.923387
1000 0.1 0.951482 0.931452
100 0.2 0.828841 0.830645
200 0.2 0.928571 0.907258
300 0.2 0.950135 0.947581
400 0.2 0.947439 0.935484
500 0.2 0.862534 0.842742
600 0.2 0.943396 0.903226
700 0.2 0.904313 0.858871
800 0.2 0.970350 0.947581
900 0.2 0.970350 0.947581
1000 0.2 0.969003 0.955645
100 0.3 0.938005 0.919355
200 0.3 0.951482 0.923387
300 0.3 0.956873 0.931452
400 0.3 0.919137 0.870968
500 0.3 0.954178 0.963710
600 0.3 0.951482 0.943548
700 0.3 0.954178 0.927419
800 0.3 0.966307 0.963710
900 0.3 0.964960 0.975806
1000 0.3 0.969003 0.959677
100 0.4 0.863881 0.858871
200 0.4 0.940701 0.939516
300 0.4 0.843666 0.870968
400 0.4 0.958221 0.963710
500 0.4 0.952830 0.967742
600 0.4 0.876011 0.866935
700 0.4 0.973046 0.931452
800 0.4 0.885445 0.842742
900 0.4 0.869272 0.850806
1000 0.4 0.933962 0.903226
100 0.5 0.943396 0.955645
200 0.5 0.816712 0.794355
300 0.5 0.846361 0.895161
400 0.5 0.950135 0.943548
500 0.5 0.964960 0.951613
600 0.5 0.933962 0.919355
700 0.5 0.959569 0.971774
800 0.5 0.956873 0.927419
900 0.5 0.908356 0.903226
1000 0.5 0.959569 0.935484
100 0.6 0.956873 0.947581
200 0.6 0.971698 0.939516
300 0.6 0.912399 0.887097
400 0.6 0.950135 0.955645
500 0.6 0.947439 0.943548
600 0.6 0.962264 0.979839
700 0.6 0.963612 0.963710
800 0.6 0.962264 0.975806
900 0.6 0.966307 0.963710
1000 0.6 0.962264 0.975806
100 0.7 0.849057 0.870968
200 0.7 0.970350 0.943548
300 0.7 0.943396 0.947581
400 0.7 0.855795 0.794355
500 0.7 0.967655 0.935484
600 0.7 0.960916 0.963710
700 0.7 0.913747 0.903226
800 0.7 0.943396 0.915323
900 0.7 0.964960 0.967742
1000 0.7 0.845013 0.826613
100 0.8 0.765499 0.814516
200 0.8 0.884097 0.850806
300 0.8 0.882749 0.903226
400 0.8 0.867925 0.842742
500 0.8 0.858491 0.838710
600 0.8 0.898922 0.883065
700 0.8 0.851752 0.814516
800 0.8 0.836927 0.838710
900 0.8 0.892183 0.903226
1000 0.8 0.907008 0.883065
100 0.9 0.873315 0.866935
200 0.9 0.863881 0.911290
300 0.9 0.916442 0.915323
400 0.9 0.902965 0.875000
500 0.9 0.877358 0.858871
600 0.9 0.873315 0.814516
700 0.9 0.863881 0.883065
800 0.9 0.896226 0.879032
900 0.9 0.916442 0.875000
1000 0.9 0.907008 0.919355
100 0.1 0.911051 0.919355
200 0.1 0.925876 0.891129
300 0.1 0.933962 0.907258
400 0.1 0.924528 0.939516
500 0.1 0.928571 0.923387
600 0.1 0.928571 0.915323
700 0.1 0.928571 0.919355
800 0.1 0.932615 0.899194
900 0.1 0.935310 0.899194
1000 0.1 0.933962 0.911290
100 0.2 0.933962 0.903226
200 0.2 0.925876 0.943548
300 0.2 0.917790 0.919355
400 0.2 0.935310 0.903226
500 0.2 0.925876 0.931452
600 0.2 0.923181 0.935484
700 0.2 0.921833 0.943548
800 0.2 0.925876 0.927419
900 0.2 0.929919 0.907258
1000 0.2 0.923181 0.911290
100 0.3 0.919137 0.903226
200 0.3 0.931267 0.919355
300 0.3 0.925876 0.935484
400 0.3 0.925876 0.919355
500 0.3 0.924528 0.895161
600 0.3 0.919137 0.939516
700 0.3 0.929919 0.899194
800 0.3 0.925876 0.927419
900 0.3 0.928571 0.911290
1000 0.3 0.919137 0.927419
100 0.4 0.924528 0.927419
200 0.4 0.928571 0.911290
300 0.4 0.921833 0.931452
400 0.4 0.927224 0.923387
500 0.4 0.924528 0.931452
600 0.4 0.917790 0.947581
700 0.4 0.890836 0.854839
800 0.4 0.908356 0.935484
900 0.4 0.931267 0.915323
1000 0.4 0.928571 0.923387
100 0.5 0.920485 0.903226
200 0.5 0.927224 0.927419
300 0.5 0.933962 0.911290
400 0.5 0.929919 0.915323
500 0.5 0.911051 0.907258
600 0.5 0.923181 0.883065
700 0.5 0.921833 0.923387
800 0.5 0.928571 0.895161
900 0.5 0.915094 0.951613
1000 0.5 0.935310 0.923387
100 0.6 0.928571 0.915323
200 0.6 0.932615 0.955645
300 0.6 0.925876 0.911290
400 0.6 0.929919 0.907258
500 0.6 0.909704 0.943548
600 0.6 0.916442 0.903226
700 0.6 0.898922 0.870968
800 0.6 0.917790 0.911290
900 0.6 0.940701 0.883065
1000 0.6 0.939353 0.903226
100 0.7 0.915094 0.935484
200 0.7 0.933962 0.915323
300 0.7 0.925876 0.919355
400 0.7 0.932615 0.923387
500 0.7 0.938005 0.911290
600 0.7 0.929919 0.923387
700 0.7 0.896226 0.842742
800 0.7 0.940701 0.935484
900 0.7 0.938005 0.939516
1000 0.7 0.935310 0.947581
100 0.8 0.929919 0.947581
200 0.8 0.917790 0.907258
300 0.8 0.925876 0.955645
400 0.8 0.919137 0.907258
500 0.8 0.939353 0.947581
600 0.8 0.944744 0.919355
700 0.8 0.927224 0.919355
800 0.8 0.944744 0.927419
900 0.8 0.923181 0.923387
1000 0.8 0.938005 0.927419
100 0.9 0.842318 0.875000
200 0.9 0.851752 0.842742
300 0.9 0.904313 0.931452
400 0.9 0.916442 0.931452
500 0.9 0.927224 0.923387
600 0.9 0.885445 0.875000
700 0.9 0.912399 0.911290
800 0.9 0.924528 0.947581
900 0.9 0.917790 0.899194
1000 0.9 0.925876 0.927419
100 0.1 0.933962 0.923387
200 0.1 0.948787 0.887097
300 0.1 0.936658 0.931452
400 0.1 0.931267 0.947581
500 0.1 0.943396 0.911290
600 0.1 0.928571 0.951613
700 0.1 0.939353 0.919355
800 0.1 0.927224 0.947581
900 0.1 0.931267 0.943548
1000 0.1 0.931267 0.951613
100 0.2 0.929919 0.935484
200 0.2 0.936658 0.931452
300 0.2 0.939353 0.915323
400 0.2 0.939353 0.911290
500 0.2 0.940701 0.915323
600 0.2 0.936658 0.935484
700 0.2 0.932615 0.935484
800 0.2 0.924528 0.959677
900 0.2 0.944744 0.915323
1000 0.2 0.932615 0.947581
100 0.3 0.929919 0.955645
200 0.3 0.940701 0.915323
300 0.3 0.943396 0.915323
400 0.3 0.939353 0.927419
500 0.3 0.916442 0.923387
600 0.3 0.938005 0.931452
700 0.3 0.925876 0.923387
800 0.3 0.936658 0.935484
900 0.3 0.924528 0.927419
1000 0.3 0.940701 0.907258
100 0.4 0.940701 0.919355
200 0.4 0.933962 0.931452
300 0.4 0.928571 0.959677
400 0.4 0.923181 0.915323
500 0.4 0.938005 0.931452
600 0.4 0.938005 0.931452
700 0.4 0.939353 0.927419
800 0.4 0.928571 0.959677
900 0.4 0.935310 0.939516
1000 0.4 0.942049 0.927419
100 0.5 0.929919 0.951613
200 0.5 0.924528 0.919355
300 0.5 0.939353 0.927419
400 0.5 0.940701 0.923387
500 0.5 0.916442 0.935484
600 0.5 0.938005 0.919355
700 0.5 0.929919 0.955645
800 0.5 0.936658 0.927419
900 0.5 0.935310 0.931452
1000 0.5 0.933962 0.943548
100 0.6 0.939353 0.923387
200 0.6 0.915094 0.935484
300 0.6 0.933962 0.931452
400 0.6 0.929919 0.943548
500 0.6 0.931267 0.939516
600 0.6 0.932615 0.943548
700 0.6 0.931267 0.951613
800 0.6 0.940701 0.903226
900 0.6 0.933962 0.943548
1000 0.6 0.936658 0.931452
100 0.7 0.925876 0.951613
200 0.7 0.940701 0.919355
300 0.7 0.942049 0.923387
400 0.7 0.925876 0.963710
500 0.7 0.939353 0.927419
600 0.7 0.944744 0.907258
700 0.7 0.943396 0.907258
800 0.7 0.925876 0.915323
900 0.7 0.940701 0.915323
1000 0.7 0.928571 0.955645
100 0.8 0.925876 0.915323
200 0.8 0.908356 0.939516
300 0.8 0.920485 0.911290
400 0.8 0.938005 0.915323
500 0.8 0.938005 0.927419
600 0.8 0.932615 0.947581
700 0.8 0.929919 0.931452
800 0.8 0.935310 0.939516
900 0.8 0.913747 0.895161
1000 0.8 0.932615 0.895161
100 0.9 0.921833 0.927419
200 0.9 0.925876 0.915323
300 0.9 0.923181 0.931452
400 0.9 0.873315 0.875000
500 0.9 0.916442 0.915323
600 0.9 0.924528 0.899194
700 0.9 0.931267 0.911290
800 0.9 0.929919 0.935484
900 0.9 0.928571 0.935484
1000 0.9 0.923181 0.955645
100 0.1 0.931267 0.923387
200 0.1 0.923181 0.943548
300 0.1 0.924528 0.943548
400 0.1 0.927224 0.935484
500 0.1 0.928571 0.931452
600 0.1 0.928571 0.919355
700 0.1 0.929919 0.927419
800 0.1 0.919137 0.923387
900 0.1 0.927224 0.939516
1000 0.1 0.928571 0.939516
100 0.2 0.927224 0.935484
200 0.2 0.928571 0.943548
300 0.2 0.933962 0.923387
400 0.2 0.929919 0.927419
500 0.2 0.915094 0.927419
600 0.2 0.919137 0.911290
700 0.2 0.917790 0.919355
800 0.2 0.928571 0.931452
900 0.2 0.924528 0.915323
1000 0.2 0.932615 0.923387
100 0.3 0.924528 0.935484
200 0.3 0.928571 0.931452
300 0.3 0.927224 0.935484
400 0.3 0.940701 0.895161
500 0.3 0.928571 0.891129
600 0.3 0.923181 0.939516
700 0.3 0.919137 0.915323
800 0.3 0.936658 0.919355
900 0.3 0.921833 0.955645
1000 0.3 0.915094 0.931452
100 0.4 0.931267 0.931452
200 0.4 0.933962 0.919355
300 0.4 0.927224 0.935484
400 0.4 0.929919 0.935484
500 0.4 0.919137 0.919355
600 0.4 0.924528 0.927419
700 0.4 0.920485 0.919355
800 0.4 0.923181 0.943548
900 0.4 0.928571 0.923387
1000 0.4 0.931267 0.931452
100 0.5 0.912399 0.911290
200 0.5 0.938005 0.915323
300 0.5 0.927224 0.955645
400 0.5 0.929919 0.939516
500 0.5 0.932615 0.903226
600 0.5 0.939353 0.911290
700 0.5 0.915094 0.927419
800 0.5 0.916442 0.935484
900 0.5 0.933962 0.935484
1000 0.5 0.942049 0.915323
100 0.6 0.935310 0.931452
200 0.6 0.932615 0.927419
300 0.6 0.935310 0.927419
400 0.6 0.932615 0.943548
500 0.6 0.927224 0.951613
600 0.6 0.931267 0.947581
700 0.6 0.931267 0.943548
800 0.6 0.944744 0.911290
900 0.6 0.947439 0.903226
1000 0.6 0.940701 0.927419
100 0.7 0.946092 0.911290
200 0.7 0.931267 0.947581
300 0.7 0.935310 0.923387
400 0.7 0.936658 0.919355
500 0.7 0.933962 0.935484
600 0.7 0.938005 0.911290
700 0.7 0.938005 0.931452
800 0.7 0.932615 0.935484
900 0.7 0.927224 0.955645
1000 0.7 0.928571 0.939516
100 0.8 0.933962 0.931452
200 0.8 0.932615 0.935484
300 0.8 0.929919 0.943548
400 0.8 0.889488 0.883065
500 0.8 0.928571 0.955645
600 0.8 0.932615 0.927419
700 0.8 0.927224 0.915323
800 0.8 0.923181 0.919355
900 0.8 0.929919 0.919355
1000 0.8 0.938005 0.870968
100 0.9 0.913747 0.911290
200 0.9 0.927224 0.923387
300 0.9 0.923181 0.919355
400 0.9 0.932615 0.907258
500 0.9 0.923181 0.943548
600 0.9 0.927224 0.927419
700 0.9 0.925876 0.927419
800 0.9 0.917790 0.947581
900 0.9 0.911051 0.923387
1000 0.9 0.917790 0.911290
100 0.1 0.908356 0.935484
200 0.1 0.905660 0.935484
300 0.1 0.915094 0.911290
400 0.1 0.925876 0.931452
500 0.1 0.924528 0.943548
600 0.1 0.923181 0.947581
700 0.1 0.933962 0.907258
800 0.1 0.927224 0.927419
900 0.1 0.931267 0.911290
1000 0.1 0.924528 0.919355
100 0.2 0.931267 0.923387
200 0.2 0.924528 0.943548
300 0.2 0.923181 0.927419
400 0.2 0.923181 0.927419
500 0.2 0.919137 0.935484
600 0.2 0.929919 0.915323
700 0.2 0.929919 0.923387
800 0.2 0.924528 0.943548
900 0.2 0.925876 0.923387
1000 0.2 0.929919 0.915323
100 0.3 0.924528 0.935484
200 0.3 0.931267 0.923387
300 0.3 0.928571 0.919355
400 0.3 0.907008 0.899194
500 0.3 0.928571 0.935484
600 0.3 0.880054 0.883065
700 0.3 0.925876 0.939516
800 0.3 0.928571 0.927419
900 0.3 0.925876 0.935484
1000 0.3 0.939353 0.891129
100 0.4 0.924528 0.919355
200 0.4 0.927224 0.919355
300 0.4 0.923181 0.931452
400 0.4 0.927224 0.927419
500 0.4 0.928571 0.911290
600 0.4 0.928571 0.915323
700 0.4 0.929919 0.919355
800 0.4 0.928571 0.919355
900 0.4 0.917790 0.935484
1000 0.4 0.921833 0.931452
100 0.5 0.940701 0.887097
200 0.5 0.928571 0.915323
300 0.5 0.920485 0.895161
400 0.5 0.925876 0.927419
500 0.5 0.925876 0.927419
600 0.5 0.928571 0.915323
700 0.5 0.928571 0.919355
800 0.5 0.935310 0.891129
900 0.5 0.913747 0.919355
1000 0.5 0.936658 0.891129
100 0.6 0.924528 0.919355
200 0.6 0.938005 0.919355
300 0.6 0.946092 0.903226
400 0.6 0.929919 0.955645
500 0.6 0.938005 0.931452
600 0.6 0.929919 0.919355
700 0.6 0.933962 0.911290
800 0.6 0.927224 0.907258
900 0.6 0.912399 0.931452
1000 0.6 0.933962 0.935484
100 0.7 0.882749 0.866935
200 0.7 0.920485 0.915323
300 0.7 0.919137 0.943548
400 0.7 0.877358 0.887097
500 0.7 0.897574 0.899194
600 0.7 0.849057 0.834677
700 0.7 0.935310 0.907258
800 0.7 0.929919 0.935484
900 0.7 0.882749 0.907258
1000 0.7 0.888140 0.850806
100 0.8 0.901617 0.935484
200 0.8 0.913747 0.899194
300 0.8 0.935310 0.935484
400 0.8 0.927224 0.899194
500 0.8 0.929919 0.923387
600 0.8 0.911051 0.875000
700 0.8 0.931267 0.915323
800 0.8 0.936658 0.947581
900 0.8 0.927224 0.915323
1000 0.8 0.843666 0.806452
100 0.9 0.927224 0.907258
200 0.9 0.929919 0.923387
300 0.9 0.923181 0.943548
400 0.9 0.942049 0.903226
500 0.9 0.935310 0.915323
600 0.9 0.893531 0.895161
700 0.9 0.908356 0.915323
800 0.9 0.888140 0.907258
900 0.9 0.935310 0.919355
1000 0.9 0.915094 0.919355