100 5 0.392183 0.419355
200 5 0.497305 0.487903
300 5 0.582210 0.483871
400 5 0.621294 0.645161
500 5 0.602426 0.600806
600 5 0.637466 0.608871
700 5 0.587601 0.528226
800 5 0.623989 0.572581
900 5 0.637466 0.637097
1000 5 0.570081 0.604839
100 10 0.448787 0.467742
200 10 0.598383 0.600806
300 10 0.626685 0.560484
400 10 0.729111 0.721774
500 10 0.708895 0.657258
600 10 0.787062 0.786290
700 10 0.766846 0.750000
800 10 0.762803 0.665323
900 10 0.797844 0.693548
1000 10 0.753369 0.717742
100 15 0.597035 0.580645
200 15 0.685984 0.625000
300 15 0.645553 0.580645
400 15 0.656334 0.620968
500 15 0.823450 0.717742
600 15 0.788410 0.741935
700 15 0.722372 0.669355
800 15 0.809973 0.782258
900 15 0.814016 0.741935
1000 15 0.831536 0.810484
100 20 0.575472 0.508065
200 20 0.675202 0.697581
300 20 0.761456 0.681452
400 20 0.812668 0.818548
500 20 0.861186 0.794355
600 20 0.881402 0.814516
700 20 0.867925 0.818548
800 20 0.846361 0.802419
900 20 0.913747 0.903226
1000 20 0.888140 0.883065
100 25 0.545822 0.512097
200 25 0.654987 0.616935
300 25 0.760108 0.754032
400 25 0.863881 0.766129
500 25 0.886792 0.842742
600 25 0.917790 0.854839
700 25 0.917790 0.822581
800 25 0.894879 0.858871
900 25 0.897574 0.862903
1000 25 0.929919 0.919355
100 30 0.683288 0.564516
200 30 0.778976 0.733871
300 30 0.809973 0.758065
400 30 0.849057 0.806452
500 30 0.925876 0.903226
600 30 0.929919 0.895161
700 30 0.939353 0.895161
800 30 0.951482 0.891129
900 30 0.917790 0.915323
1000 30 0.971698 0.927419
100 35 0.644205 0.620968
200 35 0.784367 0.685484
300 35 0.862534 0.842742
400 35 0.882749 0.830645
500 35 0.897574 0.887097
600 35 0.892183 0.875000
700 35 0.832884 0.790323
800 35 0.889488 0.911290
900 35 0.920485 0.895161
1000 35 0.909704 0.895161
100 40 0.626685 0.584677
200 40 0.760108 0.673387
300 40 0.835580 0.814516
400 40 0.915094 0.879032
500 40 0.898922 0.879032
600 40 0.912399 0.842742
700 40 0.940701 0.911290
800 40 0.948787 0.903226
900 40 0.951482 0.911290
1000 40 0.901617 0.879032
100 45 0.628032 0.588710
200 45 0.723720 0.717742
300 45 0.839623 0.770161
400 45 0.881402 0.802419
500 45 0.946092 0.875000
600 45 0.838275 0.838710
700 45 0.960916 0.943548
800 45 0.942049 0.939516
900 45 0.960916 0.891129
1000 45 0.947439 0.943548
100 50 0.698113 0.612903
200 50 0.774933 0.717742
300 50 0.826146 0.786290
400 50 0.836927 0.762097
500 50 0.838275 0.814516
600 50 0.847709 0.814516
700 50 0.921833 0.850806
800 50 0.929919 0.907258
900 50 0.915094 0.870968
1000 50 0.964960 0.891129
100 5 0.466307 0.471774
200 5 0.555256 0.500000
300 5 0.500000 0.451613
400 5 0.571429 0.495968
500 5 0.539084 0.568548
600 5 0.586253 0.596774
700 5 0.559299 0.520161
800 5 0.580863 0.548387
900 5 0.599730 0.548387
1000 5 0.567385 0.495968
100 10 0.478437 0.419355
200 10 0.601078 0.495968
300 10 0.707547 0.729839
400 10 0.757412 0.729839
500 10 0.687332 0.633065
600 10 0.739892 0.733871
700 10 0.773585 0.705645
800 10 0.725067 0.657258
900 10 0.760108 0.741935
1000 10 0.784367 0.709677
100 15 0.590296 0.443548
200 15 0.623989 0.604839
300 15 0.725067 0.705645
400 15 0.792453 0.725806
500 15 0.761456 0.750000
600 15 0.835580 0.786290
700 15 0.796496 0.806452
800 15 0.839623 0.778226
900 15 0.858491 0.758065
1000 15 0.871968 0.794355
100 20 0.537736 0.491935
200 20 0.677898 0.629032
300 20 0.734501 0.697581
400 20 0.797844 0.721774
500 20 0.863881 0.806452
600 20 0.835580 0.729839
700 20 0.797844 0.741935
800 20 0.900270 0.842742
900 20 0.893531 0.830645
1000 20 0.855795 0.774194
100 25 0.576819 0.516129
200 25 0.636119 0.596774
300 25 0.842318 0.794355
400 25 0.835580 0.810484
500 25 0.838275 0.838710
600 25 0.881402 0.850806
700 25 0.894879 0.850806
800 25 0.920485 0.875000
900 25 0.835580 0.818548
1000 25 0.913747 0.866935
100 30 0.571429 0.536290
200 30 0.716981 0.689516
300 30 0.805930 0.758065
400 30 0.867925 0.850806
500 30 0.842318 0.778226
600 30 0.900270 0.866935
700 30 0.902965 0.883065
800 30 0.889488 0.838710
900 30 0.928571 0.911290
1000 30 0.939353 0.899194
100 35 0.580863 0.487903
200 35 0.754717 0.745968
300 35 0.805930 0.733871
400 35 0.826146 0.750000
500 35 0.923181 0.879032
600 35 0.908356 0.854839
700 35 0.881402 0.870968
800 35 0.877358 0.770161
900 35 0.921833 0.862903
1000 35 0.956873 0.923387
100 40 0.628032 0.572581
200 40 0.722372 0.665323
300 40 0.832884 0.810484
400 40 0.911051 0.834677
500 40 0.869272 0.846774
600 40 0.940701 0.875000
700 40 0.947439 0.895161
800 40 0.947439 0.915323
900 40 0.959569 0.939516
1000 40 0.962264 0.947581
100 45 0.683288 0.576613
200 45 0.792453 0.737903
300 45 0.804582 0.733871
400 45 0.811321 0.838710
500 45 0.947439 0.895161
600 45 0.902965 0.858871
700 45 0.871968 0.842742
800 45 0.955526 0.919355
900 45 0.966307 0.939516
1000 45 0.958221 0.919355
100 50 0.632075 0.576613
200 50 0.826146 0.741935
300 50 0.828841 0.758065
400 50 0.882749 0.838710
500 50 0.776280 0.713710
600 50 0.870620 0.754032
700 50 0.916442 0.883065
800 50 0.947439 0.939516
900 50 0.966307 0.959677
1000 50 0.940701 0.899194
100 5 0.404313 0.455645
200 5 0.436658 0.451613
300 5 0.606469 0.580645
400 5 0.637466 0.625000
500 5 0.656334 0.524194
600 5 0.591644 0.536290
700 5 0.645553 0.625000
800 5 0.622642 0.552419
900 5 0.632075 0.576613
1000 5 0.625337 0.552419
100 10 0.560647 0.576613
200 10 0.490566 0.431452
300 10 0.634771 0.584677
400 10 0.566038 0.504032
500 10 0.547170 0.524194
600 10 0.603774 0.556452
700 10 0.574124 0.620968
800 10 0.679245 0.600806
900 10 0.661725 0.620968
1000 10 0.677898 0.625000
100 15 0.580863 0.524194
200 15 0.710243 0.625000
300 15 0.819407 0.713710
400 15 0.677898 0.685484
500 15 0.814016 0.814516
600 15 0.811321 0.782258
700 15 0.830189 0.766129
800 15 0.861186 0.750000
900 15 0.889488 0.782258
1000 15 0.869272 0.810484
100 20 0.557951 0.463710
200 20 0.764151 0.657258
300 20 0.721024 0.604839
400 20 0.834232 0.798387
500 20 0.800539 0.770161
600 20 0.882749 0.810484
700 20 0.858491 0.822581
800 20 0.830189 0.830645
900 20 0.892183 0.830645
1000 20 0.843666 0.814516
100 25 0.700809 0.604839
200 25 0.762803 0.620968
300 25 0.797844 0.709677
400 25 0.894879 0.879032
500 25 0.819407 0.770161
600 25 0.881402 0.838710
700 25 0.920485 0.866935
800 25 0.870620 0.822581
900 25 0.907008 0.862903
1000 25 0.947439 0.927419
100 30 0.607817 0.495968
200 30 0.741240 0.701613
300 30 0.715633 0.705645
400 30 0.853100 0.810484
500 30 0.889488 0.879032
600 30 0.867925 0.794355
700 30 0.896226 0.879032
800 30 0.881402 0.806452
900 30 0.927224 0.895161
1000 30 0.942049 0.903226
100 35 0.645553 0.576613
200 35 0.722372 0.641129
300 35 0.787062 0.717742
400 35 0.765499 0.745968
500 35 0.845013 0.782258
600 35 0.827493 0.778226
700 35 0.881402 0.895161
800 35 0.865229 0.862903
900 35 0.853100 0.834677
1000 35 0.928571 0.891129
100 40 0.526954 0.487903
200 40 0.845013 0.774194
300 40 0.885445 0.842742
400 40 0.845013 0.782258
500 40 0.882749 0.850806
600 40 0.946092 0.870968
700 40 0.924528 0.903226
800 40 0.940701 0.915323
900 40 0.943396 0.927419
1000 40 0.973046 0.959677
100 45 0.669811 0.693548
200 45 0.680593 0.625000
300 45 0.855795 0.778226
400 45 0.849057 0.790323
500 45 0.840970 0.737903
600 45 0.929919 0.911290
700 45 0.938005 0.883065
800 45 0.921833 0.923387
900 45 0.943396 0.923387
1000 45 0.940701 0.895161
100 50 0.628032 0.520161
200 50 0.683288 0.645161
300 50 0.838275 0.802419
400 50 0.915094 0.862903
500 50 0.905660 0.846774
600 50 0.938005 0.879032
700 50 0.867925 0.858871
800 50 0.892183 0.814516
900 50 0.951482 0.935484
1000 50 0.942049 0.959677
100 5 0.491914 0.471774
200 5 0.541779 0.528226
300 5 0.586253 0.556452
400 5 0.586253 0.536290
500 5 0.533693 0.516129
600 5 0.537736 0.467742
700 5 0.491914 0.487903
800 5 0.535040 0.471774
900 5 0.506739 0.516129
1000 5 0.473046 0.500000
100 10 0.591644 0.564516
200 10 0.672507 0.637097
300 10 0.702156 0.584677
400 10 0.778976 0.661290
500 10 0.688679 0.608871
600 10 0.741240 0.705645
700 10 0.721024 0.705645
800 10 0.784367 0.725806
900 10 0.780323 0.681452
1000 10 0.753369 0.762097
100 15 0.610512 0.560484
200 15 0.757412 0.701613
300 15 0.762803 0.701613
400 15 0.684636 0.653226
500 15 0.869272 0.826613
600 15 0.822102 0.822581
700 15 0.795148 0.782258
800 15 0.853100 0.790323
900 15 0.773585 0.770161
1000 15 0.881402 0.778226
100 20 0.601078 0.528226
200 20 0.659030 0.616935
300 20 0.804582 0.770161
400 20 0.774933 0.770161
500 20 0.862534 0.745968
600 20 0.874663 0.806452
700 20 0.874663 0.814516
800 20 0.836927 0.786290
900 20 0.877358 0.846774
1000 20 0.905660 0.875000
100 25 0.630728 0.588710
200 25 0.654987 0.592742
300 25 0.838275 0.778226
400 25 0.878706 0.830645
500 25 0.912399 0.842742
600 25 0.858491 0.806452
700 25 0.931267 0.842742
800 25 0.943396 0.883065
900 25 0.955526 0.911290
1000 25 0.948787 0.915323
100 30 0.618598 0.568548
200 30 0.675202 0.584677
300 30 0.769542 0.705645
400 30 0.816712 0.750000
500 30 0.890836 0.895161
600 30 0.893531 0.875000
700 30 0.846361 0.790323
800 30 0.935310 0.858871
900 30 0.861186 0.806452
1000 30 0.905660 0.883065
100 35 0.592992 0.471774
200 35 0.749326 0.701613
300 35 0.753369 0.661290
400 35 0.861186 0.862903
500 35 0.904313 0.862903
600 35 0.952830 0.911290
700 35 0.911051 0.842742
800 35 0.935310 0.939516
900 35 0.943396 0.943548
1000 35 0.964960 0.923387
100 40 0.702156 0.641129
200 40 0.765499 0.681452
300 40 0.859838 0.810484
400 40 0.916442 0.850806
500 40 0.846361 0.778226
600 40 0.814016 0.737903
700 40 0.874663 0.822581
800 40 0.893531 0.870968
900 40 0.890836 0.870968
1000 40 0.851752 0.850806
100 45 0.657682 0.625000
200 45 0.842318 0.741935
300 45 0.893531 0.858871
400 45 0.913747 0.854839
500 45 0.898922 0.903226
600 45 0.956873 0.911290
700 45 0.960916 0.923387
800 45 0.960916 0.915323
900 45 0.916442 0.903226
1000 45 0.946092 0.891129
100 50 0.630728 0.588710
200 50 0.785714 0.709677
300 50 0.849057 0.830645
400 50 0.896226 0.826613
500 50 0.933962 0.866935
600 50 0.898922 0.875000
700 50 0.897574 0.858871
800 50 0.737197 0.745968
900 50 0.938005 0.923387
1000 50 0.962264 0.947581
100 5 0.473046 0.467742
200 5 0.547170 0.516129
300 5 0.611860 0.604839
400 5 0.547170 0.491935
500 5 0.623989 0.564516
600 5 0.656334 0.604839
700 5 0.633423 0.564516
800 5 0.597035 0.645161
900 5 0.611860 0.572581
1000 5 0.632075 0.592742
100 10 0.485175 0.395161
200 10 0.637466 0.564516
300 10 0.632075 0.596774
400 10 0.731806 0.620968
500 10 0.657682 0.612903
600 10 0.683288 0.649194
700 10 0.754717 0.701613
800 10 0.738544 0.701613
900 10 0.788410 0.754032
1000 10 0.777628 0.741935
100 15 0.502695 0.463710
200 15 0.648248 0.592742
300 15 0.756065 0.721774
400 15 0.742588 0.705645
500 15 0.847709 0.774194
600 15 0.831536 0.774194
700 15 0.845013 0.858871
800 15 0.858491 0.818548
900 15 0.888140 0.818548
1000 15 0.828841 0.770161
100 20 0.580863 0.544355
200 20 0.691375 0.620968
300 20 0.818059 0.786290
400 20 0.758760 0.633065
500 20 0.876011 0.842742
600 20 0.870620 0.818548
700 20 0.874663 0.830645
800 20 0.893531 0.870968
900 20 0.871968 0.814516
1000 20 0.866577 0.842742
100 25 0.642857 0.540323
200 25 0.667116 0.588710
300 25 0.752022 0.778226
400 25 0.869272 0.778226
500 25 0.884097 0.826613
600 25 0.874663 0.822581
700 25 0.925876 0.895161
800 25 0.880054 0.826613
900 25 0.894879 0.850806
1000 25 0.938005 0.883065
100 30 0.601078 0.560484
200 30 0.808625 0.729839
300 30 0.776280 0.774194
400 30 0.898922 0.879032
500 30 0.901617 0.895161
600 30 0.892183 0.830645
700 30 0.923181 0.907258
800 30 0.944744 0.939516
900 30 0.898922 0.838710
1000 30 0.956873 0.891129
100 35 0.637466 0.600806
200 35 0.828841 0.741935
300 35 0.822102 0.762097
400 35 0.863881 0.782258
500 35 0.842318 0.774194
600 35 0.911051 0.834677
700 35 0.898922 0.842742
800 35 0.947439 0.947581
900 35 0.936658 0.903226
1000 35 0.955526 0.939516
100 40 0.649596 0.685484
200 40 0.781671 0.754032
300 40 0.838275 0.721774
400 40 0.901617 0.854839
500 40 0.913747 0.858871
600 40 0.896226 0.887097
700 40 0.908356 0.899194
800 40 0.900270 0.858871
900 40 0.917790 0.858871
1000 40 0.939353 0.891129
100 45 0.602426 0.524194
200 45 0.789757 0.750000
300 45 0.855795 0.758065
400 45 0.885445 0.862903
500 45 0.876011 0.830645
600 45 0.766846 0.762097
700 45 0.847709 0.814516
800 45 0.925876 0.915323
900 45 0.898922 0.830645
1000 45 0.901617 0.879032
100 50 0.702156 0.576613
200 50 0.814016 0.729839
300 50 0.858491 0.770161
400 50 0.896226 0.891129
500 50 0.931267 0.883065
600 50 0.939353 0.903226
700 50 0.959569 0.935484
800 50 0.955526 0.903226
900 50 0.942049 0.907258
1000 50 0.997305 0.975806
